Team,G,MP,FG,FGA,FG%,3P,3PA,3P%,2P,2PA,2P%,FT,FTA,FT%,ORB,DRB,TRB,AST,STL,BLK,TOV,PF,PTS,ANO
Phoenix Suns*,82,241.2,40.9,85.6,0.477,9.7,24.7,0.393,31.2,60.9,0.512,19.0,25.4,0.748,11.8,32.3,44.1,23.5,7.0,5.5,13.7,19.1,110.4,2005
Sacramento Kings*,82,242.1,39.1,85.1,0.459,6.4,17.0,0.374,32.7,68.1,0.48,19.2,24.4,0.787,12.5,29.9,42.4,24.5,8.2,3.9,13.1,20.5,103.7,2005
Dallas Mavericks*,82,240.6,37.3,81.6,0.457,5.6,15.5,0.364,31.6,66.1,0.479,22.3,28.2,0.789,12.1,30.9,42.9,19.6,8.6,5.6,13.4,22.3,102.5,2005
Miami Heat*,82,243.7,37.8,77.7,0.486,5.8,15.4,0.377,32.0,62.3,0.513,20.2,30.1,0.672,10.8,32.2,43.0,21.8,6.4,5.8,13.7,22.1,101.5,2005
Boston Celtics*,82,242.4,37.1,79.4,0.468,5.3,15.3,0.349,31.8,64.1,0.496,21.6,28.3,0.764,11.1,29.7,40.8,22.1,8.1,5.2,15.8,24.4,101.3,2005
Washington Wizards*,82,241.2,36.2,82.9,0.437,6.3,18.3,0.343,29.9,64.6,0.463,21.9,30.2,0.725,13.8,29.0,42.8,19.1,8.7,4.2,14.3,22.0,100.5,2005
Toronto Raptors,82,241.5,36.0,81.2,0.444,7.9,20.5,0.385,28.1,60.7,0.463,19.8,25.6,0.774,10.3,29.8,40.1,20.4,7.6,3.9,13.3,22.9,99.7,2005
Denver Nuggets*,82,240.9,37.0,80.7,0.459,3.9,11.5,0.34,33.1,69.2,0.479,21.5,28.2,0.763,11.8,30.2,42.0,23.9,9.1,6.0,14.9,22.9,99.5,2005
Orlando Magic,82,240.3,37.0,81.5,0.454,3.9,11.2,0.349,33.1,70.3,0.471,21.6,28.5,0.759,12.7,31.0,43.7,19.3,7.7,5.4,16.1,23.6,99.5,2005
Philadelphia 76ers*,82,242.1,35.9,82.1,0.437,6.2,17.7,0.348,29.8,64.4,0.462,21.1,26.8,0.789,11.1,30.9,42.0,20.9,9.2,3.9,15.5,22.9,99.1,2005
Seattle SuperSonics*,82,240.9,35.1,79.2,0.444,8.1,22.2,0.365,27.0,57.0,0.474,20.5,26.0,0.79,12.7,28.2,40.9,18.1,6.7,4.1,13.6,23.7,98.9,2005
Los Angeles Lakers,82,241.2,35.3,80.8,0.437,7.9,22.1,0.355,27.5,58.7,0.467,20.3,26.1,0.777,12.5,30.6,43.2,20.4,6.2,4.2,14.3,21.9,98.7,2005
Golden State Warriors,82,242.7,36.9,85.8,0.43,7.6,21.6,0.352,29.3,64.2,0.457,17.2,23.8,0.722,13.0,29.7,42.7,22.1,7.8,5.1,13.6,22.4,98.7,2005
New York Knicks,82,242.4,36.3,80.5,0.451,5.4,15.1,0.356,30.9,65.4,0.473,19.3,25.1,0.767,11.8,29.2,41.0,20.3,7.7,3.2,14.7,23.7,97.3,2005
Milwaukee Bucks,82,241.2,36.1,80.2,0.45,4.0,11.3,0.351,32.2,69.0,0.467,21.0,27.2,0.772,12.0,29.3,41.3,21.0,6.5,3.5,13.8,21.9,97.2,2005
Minnesota Timberwolves,82,240.9,37.1,80.8,0.459,4.8,14.0,0.345,32.3,66.9,0.483,17.7,22.2,0.796,11.5,31.5,43.0,23.4,5.6,5.5,13.2,21.6,96.8,2005
Cleveland Cavaliers,82,242.1,36.5,81.5,0.447,3.7,11.0,0.332,32.8,70.5,0.465,19.9,26.5,0.752,13.6,28.7,42.3,22.6,8.0,5.6,13.9,22.6,96.5,2005
San Antonio Spurs*,82,241.5,35.6,78.7,0.453,6.2,17.0,0.363,29.5,61.6,0.478,18.7,25.9,0.724,12.0,30.4,42.4,21.6,7.5,6.6,13.7,20.9,96.2,2005
Los Angeles Clippers,82,244.3,35.7,77.7,0.459,2.8,8.2,0.345,32.8,69.5,0.473,21.6,27.7,0.778,12.0,29.9,41.9,23.2,7.3,5.1,15.7,22.2,95.7,2005
Houston Rockets*,82,242.1,34.7,78.3,0.443,6.7,18.5,0.364,28.0,59.7,0.468,18.9,24.2,0.781,10.7,31.7,42.4,21.1,6.9,4.6,13.8,22.0,95.1,2005
Chicago Bulls*,82,241.8,34.7,80.4,0.432,6.2,17.5,0.357,28.5,62.9,0.453,18.7,25.0,0.75,12.2,31.6,43.8,21.3,7.0,4.5,16.7,24.7,94.5,2005
Charlotte Bobcats,82,242.4,36.1,83.6,0.432,3.9,10.7,0.363,32.2,72.9,0.442,18.1,25.6,0.709,13.2,28.5,41.7,21.9,8.5,5.4,14.5,23.1,94.3,2005
Memphis Grizzlies*,82,240.3,34.2,76.5,0.447,6.5,18.1,0.357,27.7,58.4,0.475,18.6,24.7,0.754,10.8,28.1,39.0,20.9,8.5,5.8,14.6,23.3,93.4,2005
Detroit Pistons*,82,243.4,34.8,78.3,0.444,4.4,12.8,0.345,30.3,65.5,0.463,19.4,26.2,0.739,12.9,30.6,43.4,21.8,7.0,6.1,13.8,20.0,93.3,2005
Utah Jazz,82,241.2,34.5,76.8,0.449,3.0,9.3,0.328,31.4,67.5,0.465,21.0,27.7,0.757,12.8,27.4,40.1,22.3,6.6,4.6,15.8,26.7,93.0,2005
Indiana Pacers*,82,242.7,32.5,75.2,0.432,6.6,19.2,0.344,25.9,56.0,0.463,21.3,26.9,0.792,10.6,29.5,40.1,18.2,7.5,4.4,14.3,23.0,93.0,2005
Portland Trail Blazers,82,240.6,35.3,78.3,0.451,5.1,14.2,0.362,30.2,64.2,0.471,17.2,23.7,0.725,11.8,29.3,41.1,21.0,7.1,6.6,16.0,20.8,92.9,2005
Atlanta Hawks,82,242.1,35.9,81.4,0.441,3.7,11.9,0.312,32.2,69.5,0.463,17.3,24.3,0.711,13.4,28.5,41.9,19.7,7.7,4.2,16.1,24.5,92.7,2005
New Jersey Nets*,82,242.7,33.6,78.3,0.429,5.3,14.7,0.362,28.3,63.6,0.444,19.0,24.9,0.763,10.4,29.1,39.5,21.6,7.9,3.8,14.2,24.2,91.4,2005
New Orleans Hornets,82,243.0,33.1,80.0,0.415,5.1,16.0,0.315,28.1,63.9,0.44,17.1,22.3,0.766,12.4,27.8,40.2,21.0,6.7,3.8,14.8,23.0,88.4,2005
Phoenix Suns*,82,243.4,41.8,87.4,0.479,10.2,25.6,0.399,31.6,61.8,0.511,14.5,18.0,0.806,9.5,32.3,41.8,26.6,6.7,5.0,13.3,20.5,108.4,2006
Seattle SuperSonics,82,241.8,37.5,81.8,0.459,7.4,19.9,0.371,30.1,62.0,0.487,20.1,25.7,0.785,12.4,27.2,39.6,20.7,7.6,3.7,14.7,23.6,102.6,2006
Washington Wizards*,82,241.8,36.3,81.2,0.447,6.1,17.0,0.357,30.2,64.2,0.471,23.0,30.4,0.757,12.6,28.6,41.2,18.6,8.0,4.1,13.9,22.6,101.7,2006
Toronto Raptors,82,243.4,36.7,81.0,0.454,7.4,19.8,0.375,29.3,61.2,0.479,20.2,25.5,0.791,10.5,27.9,38.5,19.4,6.5,3.3,13.1,24.0,101.1,2006
Denver Nuggets*,82,243.0,37.5,81.4,0.461,4.3,13.1,0.325,33.3,68.2,0.487,21.0,28.2,0.744,11.0,30.3,41.3,23.4,8.5,5.6,14.8,22.7,100.3,2006
Miami Heat*,82,240.9,37.1,77.5,0.478,6.1,17.6,0.345,31.0,59.9,0.517,19.7,28.2,0.7,10.5,32.6,43.1,20.6,6.4,5.4,14.5,22.8,99.9,2006
Philadelphia 76ers,82,242.7,36.6,79.8,0.458,4.6,12.6,0.364,32.0,67.3,0.476,21.6,28.4,0.76,10.6,29.6,40.2,20.2,7.9,4.9,14.1,20.9,99.4,2006
Los Angeles Lakers*,82,242.1,36.5,80.6,0.453,6.7,19.3,0.349,29.8,61.3,0.486,19.7,26.5,0.745,11.8,30.3,42.2,21.1,7.7,4.3,13.9,23.1,99.4,2006
Dallas Mavericks*,82,242.4,36.0,77.7,0.462,5.1,13.6,0.374,30.9,64.2,0.481,22.2,28.3,0.783,12.6,29.6,42.2,18.0,7.2,6.0,13.6,22.4,99.1,2006
Sacramento Kings*,82,241.8,36.0,79.3,0.454,6.0,17.2,0.351,30.0,62.1,0.483,20.8,26.5,0.784,10.4,30.2,40.5,22.3,7.4,3.6,14.6,20.4,98.9,2006
Golden State Warriors,82,241.8,35.8,82.7,0.433,7.6,22.3,0.341,28.2,60.4,0.467,19.2,26.7,0.718,12.0,30.3,42.3,20.7,7.4,4.4,14.1,23.7,98.5,2006
Boston Celtics,82,242.4,36.0,77.1,0.467,5.7,15.7,0.362,30.3,61.4,0.494,20.3,26.9,0.755,9.9,29.7,39.6,20.9,7.0,5.1,16.6,24.8,98.0,2006
Milwaukee Bucks*,82,242.1,36.3,80.1,0.453,6.2,16.3,0.38,30.1,63.8,0.472,19.0,25.8,0.738,11.3,29.9,41.2,21.6,7.3,3.3,14.6,23.2,97.8,2006
Chicago Bulls*,82,242.7,36.6,82.2,0.446,6.8,18.0,0.379,29.8,64.1,0.465,17.7,24.0,0.738,11.0,31.7,42.8,22.0,6.2,4.2,14.9,24.9,97.8,2006
Cleveland Cavaliers*,82,241.8,35.5,78.2,0.454,6.1,17.9,0.339,29.4,60.3,0.487,20.6,28.3,0.729,11.7,30.6,42.3,19.0,6.9,4.8,13.9,21.1,97.6,2006
Los Angeles Clippers*,82,241.5,36.5,78.6,0.465,3.5,10.3,0.344,33.0,68.3,0.483,20.7,26.1,0.791,10.1,33.0,43.1,20.8,6.5,6.1,14.5,22.8,97.2,2006
Atlanta Hawks,82,242.4,35.9,79.2,0.454,5.2,14.1,0.367,30.8,65.1,0.472,20.2,26.9,0.75,13.0,27.2,40.3,19.8,7.2,4.8,15.7,25.0,97.2,2006
Charlotte Bobcats,82,242.7,36.1,83.5,0.433,5.2,15.4,0.339,30.9,68.1,0.454,19.4,26.7,0.729,12.1,27.7,39.8,20.9,10.0,4.3,14.2,23.9,96.9,2006
Detroit Pistons*,82,241.8,36.4,80.0,0.455,6.8,17.7,0.384,29.6,62.3,0.475,17.3,23.8,0.727,11.9,28.6,40.5,24.0,7.1,6.0,11.4,18.5,96.8,2006
New York Knicks,82,243.0,34.4,75.7,0.455,3.9,10.8,0.362,30.5,64.9,0.47,22.9,31.5,0.726,12.6,28.8,41.4,17.9,6.8,3.3,17.7,26.3,95.6,2006
San Antonio Spurs*,82,241.5,36.5,77.3,0.472,6.4,16.6,0.385,30.1,60.7,0.496,16.2,23.1,0.702,10.4,31.1,41.5,20.9,6.6,5.7,13.7,20.9,95.6,2006
Orlando Magic,82,242.7,35.5,75.2,0.472,3.6,9.7,0.376,31.9,65.5,0.486,20.3,27.8,0.73,10.9,29.3,40.2,18.2,6.5,4.4,15.1,23.3,94.9,2006
Indiana Pacers*,82,240.6,34.0,76.5,0.444,6.5,18.7,0.349,27.4,57.8,0.475,19.4,26.3,0.737,11.0,31.2,42.2,19.9,7.3,5.0,15.3,22.2,93.9,2006
New Jersey Nets*,82,241.2,33.9,77.0,0.44,5.8,17.6,0.33,28.1,59.4,0.472,20.2,26.7,0.758,10.0,31.0,41.0,23.0,6.8,3.4,13.6,23.2,93.8,2006
New Orleans/Oklahoma City Hornets,82,241.5,34.5,78.4,0.44,3.7,10.8,0.339,30.9,67.6,0.457,20.1,26.5,0.758,11.2,29.0,40.2,18.5,7.5,3.8,13.4,21.8,92.8,2006
Utah Jazz,82,242.4,33.5,75.7,0.442,3.8,11.3,0.336,29.7,64.4,0.461,21.6,30.1,0.719,13.1,29.0,42.1,21.6,6.4,6.0,15.7,24.8,92.4,2006
Memphis Grizzlies*,82,242.1,33.5,74.7,0.448,7.2,19.2,0.374,26.3,55.5,0.474,18.0,25.3,0.711,10.2,29.0,39.2,19.3,7.3,5.4,13.8,21.4,92.2,2006
Minnesota Timberwolves,82,242.1,35.2,77.3,0.456,3.8,11.5,0.329,31.4,65.8,0.478,17.5,23.1,0.758,9.9,29.5,39.4,20.9,6.8,5.7,14.5,23.0,91.7,2006
Houston Rockets,82,241.8,33.0,76.2,0.433,5.7,17.2,0.332,27.3,59.0,0.463,18.3,24.1,0.759,10.4,31.3,41.6,19.3,7.2,3.9,14.5,22.7,90.1,2006
Portland Trail Blazers,82,240.6,34.0,76.4,0.445,4.4,12.7,0.349,29.6,63.7,0.464,16.3,23.7,0.689,10.8,26.9,37.7,18.2,6.5,5.3,14.7,22.3,88.8,2006
Phoenix Suns*,82,242.7,41.3,83.6,0.494,9.6,24.0,0.399,31.7,59.6,0.532,18.0,22.3,0.808,9.0,31.5,40.5,25.9,6.7,4.8,14.5,20.2,110.2,2007
Golden State Warriors*,82,240.9,39.8,86.0,0.463,8.5,24.0,0.356,31.2,62.0,0.504,18.5,25.8,0.717,11.5,30.0,41.4,23.8,9.1,5.7,16.0,23.6,106.5,2007
Denver Nuggets*,82,241.2,38.6,83.0,0.465,5.9,17.6,0.336,32.7,65.4,0.5,22.3,29.9,0.746,12.2,31.2,43.4,23.4,8.3,5.3,16.5,21.4,105.4,2007
Washington Wizards*,82,241.8,37.4,83.2,0.45,6.8,19.7,0.348,30.6,63.5,0.482,22.6,29.6,0.765,12.2,29.0,41.2,20.2,7.7,4.6,13.8,22.2,104.3,2007
Los Angeles Lakers*,82,244.3,37.8,81.3,0.466,7.4,21.0,0.353,30.4,60.2,0.505,20.2,27.1,0.747,10.8,30.4,41.2,22.6,7.3,5.1,15.5,23.0,103.3,2007
Memphis Grizzlies,82,243.7,36.6,78.6,0.465,6.1,16.6,0.367,30.5,62.0,0.491,22.4,29.4,0.761,10.6,29.0,39.5,20.5,6.9,5.0,16.4,22.3,101.6,2007
Utah Jazz*,82,241.5,37.4,78.9,0.474,4.3,12.9,0.335,33.1,66.0,0.501,22.3,30.0,0.743,12.6,30.0,42.5,24.7,7.0,4.1,15.6,25.2,101.5,2007
Sacramento Kings,82,241.5,35.9,79.7,0.45,6.5,18.5,0.35,29.4,61.2,0.48,23.1,30.2,0.765,9.7,29.2,38.9,20.3,8.2,3.2,14.6,21.9,101.3,2007
Dallas Mavericks*,82,240.9,36.7,78.6,0.467,6.5,17.1,0.381,30.2,61.4,0.491,20.1,24.9,0.805,11.2,30.7,41.9,19.9,6.8,5.0,13.9,22.4,100.0,2007
Milwaukee Bucks,82,242.1,38.1,81.9,0.465,6.4,18.0,0.356,31.7,63.9,0.495,17.1,23.4,0.733,11.5,27.7,39.2,21.6,7.2,2.7,15.1,22.2,99.7,2007
Toronto Raptors*,82,240.9,37.0,79.8,0.463,6.5,17.9,0.363,30.5,62.0,0.492,19.0,24.2,0.788,9.2,30.2,39.5,22.2,7.1,3.9,13.5,20.4,99.5,2007
Seattle SuperSonics,82,241.8,37.2,80.8,0.46,6.4,17.7,0.362,30.8,63.1,0.487,18.4,23.3,0.791,11.3,28.3,39.6,20.7,7.7,3.7,15.5,22.0,99.1,2007
Chicago Bulls*,82,241.2,37.1,81.3,0.457,5.9,15.1,0.388,31.3,66.2,0.473,18.6,25.4,0.734,12.0,31.7,43.7,22.3,7.8,5.4,16.0,23.3,98.8,2007
San Antonio Spurs*,82,241.2,36.6,77.2,0.474,7.3,19.0,0.381,29.3,58.1,0.504,18.1,24.1,0.751,9.3,31.4,40.7,22.1,7.2,5.1,13.9,19.4,98.5,2007
New Jersey Nets*,82,242.4,35.5,77.8,0.457,7.4,20.4,0.363,28.1,57.4,0.49,19.1,26.3,0.727,10.0,30.8,40.8,23.9,6.1,3.3,14.8,22.8,97.6,2007
New York Knicks,82,244.0,35.4,77.5,0.457,5.8,16.7,0.346,29.6,60.8,0.487,20.9,29.2,0.715,12.6,30.7,43.3,18.7,6.6,3.2,17.1,23.6,97.5,2007
Houston Rockets*,82,242.1,35.4,79.6,0.445,8.6,23.1,0.372,26.8,56.5,0.475,17.5,23.2,0.753,10.7,32.6,43.3,20.8,7.1,4.1,14.2,20.9,97.0,2007
Charlotte Bobcats,82,244.0,36.1,81.0,0.446,5.6,15.6,0.357,30.5,65.4,0.467,19.1,26.0,0.734,11.2,28.6,39.8,22.4,7.8,4.5,14.9,24.2,96.9,2007
Cleveland Cavaliers*,82,242.4,36.3,81.2,0.447,6.0,17.1,0.352,30.3,64.1,0.473,18.1,26.0,0.696,12.7,30.8,43.5,20.8,7.6,4.3,14.4,21.7,96.8,2007
Minnesota Timberwolves,82,244.0,36.5,79.3,0.461,4.7,13.3,0.353,31.9,66.0,0.483,18.3,23.1,0.792,10.0,30.2,40.2,22.5,6.5,4.0,15.6,21.4,96.1,2007
Detroit Pistons*,82,242.4,35.9,79.1,0.454,5.5,15.9,0.344,30.4,63.2,0.481,18.8,24.2,0.774,11.6,29.0,40.5,21.6,7.1,5.8,12.2,20.4,96.0,2007
Boston Celtics,82,242.1,34.9,78.7,0.443,5.7,15.6,0.367,29.1,63.1,0.462,20.4,26.6,0.767,11.2,29.2,40.4,19.9,7.2,4.7,16.5,24.0,95.8,2007
Los Angeles Clippers,82,240.6,35.1,77.0,0.456,3.8,11.0,0.348,31.3,66.0,0.474,21.6,27.4,0.788,10.8,30.3,41.1,21.5,7.3,5.8,15.1,22.7,95.6,2007
Indiana Pacers,82,241.2,35.0,80.0,0.438,5.9,16.9,0.346,29.2,63.1,0.462,19.7,25.9,0.76,12.1,29.8,41.8,20.5,7.3,5.5,16.3,23.3,95.6,2007
New Orleans/Oklahoma City Hornets,82,242.4,36.2,81.4,0.445,5.5,15.3,0.362,30.7,66.1,0.464,17.5,23.7,0.74,12.5,30.6,43.1,18.7,6.4,4.2,14.5,19.8,95.5,2007
Philadelphia 76ers,82,242.4,35.8,78.1,0.458,3.5,10.0,0.345,32.3,68.1,0.474,20.0,26.0,0.767,11.0,28.7,39.7,20.4,7.2,4.8,15.3,20.4,94.9,2007
Orlando Magic*,82,241.2,35.1,74.3,0.472,4.2,11.7,0.356,30.9,62.5,0.494,20.5,29.2,0.702,11.2,29.5,40.7,18.6,6.9,5.1,17.0,23.2,94.8,2007
Miami Heat*,82,242.1,35.6,76.7,0.464,6.4,18.8,0.343,29.2,57.9,0.503,17.0,24.6,0.69,10.0,30.8,40.8,20.5,6.9,5.4,14.6,21.3,94.6,2007
Portland Trail Blazers,82,243.4,35.0,78.0,0.45,5.2,15.0,0.346,29.9,62.9,0.474,18.8,24.5,0.769,11.3,28.0,39.3,18.5,6.8,4.6,15.1,23.5,94.1,2007
Atlanta Hawks,82,242.4,34.5,77.7,0.444,4.2,12.7,0.329,30.4,65.0,0.467,20.5,26.9,0.761,11.9,28.2,40.1,19.2,7.4,5.4,15.9,24.0,93.7,2007
Golden State Warriors,82,241.2,41.5,90.3,0.459,9.3,26.6,0.348,32.2,63.7,0.506,18.8,24.9,0.752,12.7,30.4,43.2,22.4,9.1,4.6,13.2,22.9,111.0,2008
Denver Nuggets*,82,242.1,40.3,85.8,0.47,6.9,19.6,0.355,33.4,66.3,0.504,23.1,30.7,0.751,11.2,32.9,44.1,24.7,9.2,6.7,14.7,21.1,110.7,2008
Phoenix Suns*,82,241.2,41.4,82.7,0.5,8.5,21.5,0.393,32.9,61.2,0.538,18.9,24.1,0.783,8.8,32.7,41.5,26.7,6.5,6.3,14.4,19.9,110.1,2008
Los Angeles Lakers*,82,241.2,39.6,83.1,0.476,8.1,21.4,0.378,31.5,61.8,0.51,21.3,27.7,0.769,11.0,33.2,44.1,24.4,8.0,5.3,14.1,20.6,108.6,2008
Utah Jazz*,82,240.3,40.0,80.4,0.497,5.0,13.4,0.372,35.0,67.0,0.522,21.3,28.0,0.759,11.5,29.4,40.9,26.4,8.7,4.3,14.6,24.0,106.2,2008
Orlando Magic*,82,241.2,37.3,78.6,0.474,9.8,25.3,0.386,27.5,53.3,0.516,20.1,27.9,0.721,9.4,32.6,42.0,20.8,6.3,4.1,14.3,20.6,104.5,2008
Indiana Pacers,82,240.9,37.8,85.3,0.444,9.2,24.6,0.374,28.6,60.6,0.472,19.1,24.9,0.768,11.0,32.1,43.1,22.7,7.6,5.0,15.1,23.4,104.0,2008
Sacramento Kings,82,241.8,37.1,80.0,0.464,6.2,16.7,0.373,30.9,63.3,0.488,22.1,27.7,0.798,10.1,30.0,40.1,19.1,7.9,4.1,16.1,22.4,102.5,2008
New Orleans Hornets*,82,241.5,38.6,82.9,0.466,7.7,19.8,0.389,30.9,63.1,0.49,16.0,20.8,0.769,11.4,30.4,41.8,21.8,7.8,3.9,11.9,18.7,100.9,2008
Memphis Grizzlies,82,241.5,37.3,82.2,0.454,7.6,21.7,0.349,29.8,60.5,0.492,18.5,25.6,0.723,10.3,31.3,41.6,19.2,6.1,4.7,15.3,19.4,100.7,2008
Boston Celtics*,82,240.9,36.4,76.7,0.475,7.3,19.1,0.381,29.1,57.6,0.506,20.5,26.5,0.771,10.1,31.9,42.0,22.4,8.5,4.6,15.2,22.7,100.5,2008
Dallas Mavericks*,82,240.6,36.9,79.5,0.464,6.0,17.1,0.352,30.9,62.3,0.495,20.6,25.3,0.814,10.8,32.2,43.0,21.0,6.0,4.9,12.6,21.8,100.4,2008
Toronto Raptors*,82,241.8,38.4,82.0,0.468,7.0,17.8,0.392,31.4,64.2,0.489,16.4,20.2,0.812,9.6,30.4,40.1,23.8,7.0,4.1,11.7,19.5,100.2,2008
Washington Wizards*,82,242.7,36.4,81.6,0.446,7.0,19.7,0.356,29.4,62.0,0.475,19.0,24.3,0.782,12.3,29.3,41.6,19.6,7.7,4.8,13.2,19.6,98.8,2008
Atlanta Hawks*,82,242.1,36.3,79.9,0.454,4.7,13.1,0.356,31.6,66.8,0.473,21.0,27.2,0.772,12.3,29.9,42.2,22.0,7.3,5.5,14.9,20.4,98.2,2008
Detroit Pistons*,82,240.6,36.6,79.9,0.458,5.9,16.2,0.366,30.6,63.7,0.481,18.4,24.0,0.767,11.9,29.5,41.4,22.3,7.1,5.8,11.7,20.6,97.5,2008
Seattle SuperSonics,82,241.8,38.1,85.8,0.444,3.8,11.5,0.333,34.3,74.3,0.462,17.5,22.8,0.77,11.8,32.8,44.6,21.3,6.5,4.9,16.0,20.5,97.5,2008
Chicago Bulls,82,241.5,36.4,83.7,0.435,5.8,15.9,0.363,30.6,67.8,0.452,18.7,24.7,0.756,12.8,30.2,43.0,22.1,7.7,5.2,14.6,21.8,97.3,2008
Charlotte Bobcats,82,242.4,36.1,79.9,0.452,6.5,17.6,0.367,29.6,62.3,0.476,18.4,25.8,0.714,10.9,29.8,40.6,21.3,7.5,4.9,14.7,21.7,97.1,2008
Milwaukee Bucks,82,242.1,36.9,82.3,0.449,5.5,16.0,0.344,31.4,66.2,0.474,17.7,24.1,0.733,12.9,28.8,41.7,21.5,6.6,4.4,14.8,21.3,97.0,2008
New York Knicks,82,242.4,36.2,82.4,0.439,6.0,17.7,0.337,30.2,64.7,0.467,18.6,25.5,0.727,12.5,30.0,42.5,18.7,6.4,2.6,14.5,21.5,96.9,2008
Houston Rockets*,82,240.6,36.6,81.7,0.448,7.1,20.8,0.342,29.5,60.9,0.485,16.4,22.5,0.726,12.2,32.4,44.6,21.4,7.3,5.1,13.7,19.6,96.7,2008
Philadelphia 76ers*,82,240.9,37.3,81.1,0.46,3.7,11.6,0.317,33.6,69.5,0.483,18.4,26.1,0.706,13.0,28.9,41.9,20.4,8.7,4.9,14.3,19.8,96.6,2008
Cleveland Cavaliers*,82,242.1,35.8,81.7,0.439,6.7,18.8,0.358,29.1,62.8,0.463,18.0,25.1,0.717,13.3,31.3,44.6,20.0,7.1,5.2,14.0,20.9,96.4,2008
New Jersey Nets,82,241.8,34.8,78.7,0.443,6.1,17.4,0.348,28.8,61.2,0.47,20.1,27.3,0.736,11.1,30.7,41.9,23.5,6.4,4.8,15.0,22.6,95.8,2008
Minnesota Timberwolves,82,240.6,37.5,83.1,0.451,5.4,15.4,0.35,32.1,67.8,0.474,15.2,20.6,0.736,11.8,29.6,41.4,19.9,7.5,3.7,14.5,23.0,95.6,2008
Portland Trail Blazers,82,242.7,35.8,79.8,0.448,6.6,17.4,0.377,29.2,62.4,0.468,17.2,22.5,0.767,11.0,29.7,40.7,21.1,5.5,4.4,12.9,20.0,95.4,2008
San Antonio Spurs*,82,240.6,35.8,78.3,0.457,7.2,19.6,0.369,28.6,58.7,0.487,16.5,21.6,0.761,9.4,31.9,41.3,21.0,6.4,4.1,12.6,18.7,95.4,2008
Los Angeles Clippers,82,241.5,34.4,78.6,0.438,4.3,13.2,0.324,30.1,65.4,0.46,20.8,26.6,0.781,9.8,30.4,40.1,21.1,6.8,4.9,14.4,21.3,93.8,2008
Miami Heat,82,241.8,34.2,77.3,0.443,6.0,16.7,0.358,28.3,60.5,0.467,16.9,23.2,0.727,9.1,28.6,37.6,20.0,7.2,4.3,14.7,20.4,91.4,2008
Phoenix Suns,82,240.9,41.1,81.6,0.504,6.7,17.6,0.383,34.4,64.0,0.537,20.4,27.5,0.744,11.0,30.7,41.7,23.2,7.2,5.1,15.7,20.6,109.4,2009
Golden State Warriors,82,242.4,39.4,86.0,0.458,6.7,18.0,0.373,32.7,68.0,0.48,23.1,29.2,0.791,11.6,30.4,42.0,20.9,7.8,6.4,14.6,22.5,108.6,2009
Los Angeles Lakers*,82,241.2,40.3,85.1,0.474,6.7,18.5,0.361,33.7,66.6,0.505,19.6,25.5,0.77,12.4,31.5,43.9,23.3,8.8,5.1,13.5,20.7,106.9,2009
New York Knicks,82,241.5,38.5,86.5,0.445,10.0,27.9,0.36,28.5,58.6,0.486,18.2,23.2,0.784,11.1,31.0,42.1,21.2,7.4,2.5,14.3,20.4,105.2,2009
Indiana Pacers,82,241.8,39.3,86.3,0.455,8.0,21.0,0.378,31.3,65.3,0.48,18.6,23.0,0.807,11.3,32.5,43.7,21.6,7.0,5.3,14.5,23.1,105.1,2009
Denver Nuggets*,82,240.6,37.3,79.4,0.47,6.7,18.0,0.371,30.6,61.4,0.499,23.1,30.3,0.76,11.0,30.6,41.6,22.2,8.7,6.0,15.3,22.9,104.3,2009
Utah Jazz*,82,242.4,38.3,80.8,0.475,4.8,13.7,0.349,33.5,67.1,0.5,22.1,28.7,0.771,11.5,29.5,41.0,24.7,8.8,4.6,14.8,22.3,103.6,2009
Chicago Bulls*,82,243.0,38.1,83.5,0.457,6.0,15.8,0.381,32.1,67.7,0.474,19.9,25.0,0.796,11.8,30.3,42.1,21.1,7.5,5.5,14.5,20.8,102.2,2009
Dallas Mavericks*,82,241.5,38.1,82.6,0.462,7.0,19.9,0.35,31.2,62.7,0.498,18.5,22.6,0.819,11.1,31.6,42.7,21.7,7.2,5.2,12.7,19.5,101.7,2009
Orlando Magic*,82,240.6,35.7,78.2,0.457,10.0,26.2,0.381,25.8,52.1,0.495,19.6,27.5,0.715,10.0,33.3,43.3,19.4,7.0,5.4,13.9,20.3,101.0,2009
Boston Celtics*,82,242.4,37.5,77.2,0.486,6.6,16.5,0.397,30.9,60.7,0.51,19.4,25.3,0.765,10.6,31.5,42.1,22.7,7.6,4.7,15.6,23.1,100.9,2009
Sacramento Kings,82,242.7,36.5,81.5,0.447,7.1,19.4,0.368,29.3,62.1,0.472,20.5,25.7,0.798,10.2,28.9,39.1,19.7,6.9,4.3,15.4,23.3,100.6,2009
Cleveland Cavaliers*,82,241.2,36.9,78.7,0.468,8.0,20.4,0.393,28.9,58.3,0.495,18.6,24.5,0.757,10.8,31.4,42.2,20.3,7.2,5.3,12.7,20.3,100.3,2009
Portland Trail Blazers*,82,241.8,36.8,79.2,0.465,7.3,19.0,0.383,29.5,60.2,0.49,18.5,24.2,0.765,12.9,28.8,41.7,20.3,6.7,4.9,12.9,20.4,99.4,2009
Milwaukee Bucks,82,241.2,36.7,82.4,0.445,6.2,17.2,0.363,30.5,65.2,0.467,19.7,25.2,0.78,11.9,28.9,40.7,22.0,7.4,3.8,14.1,24.2,99.3,2009
Toronto Raptors,82,241.5,37.2,81.4,0.458,5.8,15.7,0.372,31.4,65.7,0.478,18.7,22.7,0.824,9.8,30.6,40.4,22.4,6.4,4.8,13.4,19.4,99.0,2009
Houston Rockets*,82,241.5,36.1,79.6,0.453,7.6,20.2,0.375,28.5,59.4,0.48,18.7,23.2,0.805,10.5,32.5,43.0,20.3,6.7,4.3,14.1,18.9,98.4,2009
Miami Heat*,82,243.4,37.0,81.0,0.457,7.1,19.9,0.357,29.9,61.2,0.489,17.2,22.8,0.754,10.1,29.4,39.5,20.4,7.9,5.5,12.5,20.7,98.3,2009
Atlanta Hawks*,82,240.3,36.0,78.7,0.458,7.3,19.9,0.366,28.8,58.8,0.49,18.7,25.4,0.737,10.6,29.4,40.0,20.2,7.4,4.6,12.8,19.6,98.1,2009
New Jersey Nets,82,241.8,35.7,79.7,0.448,8.0,21.2,0.376,27.7,58.5,0.473,18.8,24.1,0.779,10.4,29.5,39.8,20.0,6.8,4.8,13.1,22.4,98.1,2009
Minnesota Timberwolves,82,241.5,36.4,82.5,0.441,6.6,18.8,0.353,29.8,63.7,0.467,18.3,23.9,0.769,11.9,29.8,41.7,20.4,6.2,3.9,14.2,21.8,97.8,2009
Philadelphia 76ers*,82,240.9,36.5,79.7,0.459,4.2,13.1,0.318,32.4,66.6,0.486,20.1,27.0,0.745,12.7,28.5,41.2,20.1,8.0,5.1,14.1,20.1,97.4,2009
Oklahoma City Thunder,82,241.5,36.6,81.9,0.447,4.0,11.6,0.346,32.6,70.3,0.463,19.8,25.2,0.786,12.2,30.5,42.6,20.3,7.4,4.5,16.2,20.2,97.0,2009
San Antonio Spurs*,82,242.7,37.1,79.7,0.466,7.6,19.8,0.386,29.5,59.9,0.492,15.2,20.0,0.761,8.9,32.2,41.0,21.2,5.8,4.0,11.7,18.9,97.0,2009
Washington Wizards,82,240.3,36.5,81.2,0.45,4.8,14.6,0.33,31.7,66.5,0.476,18.2,23.8,0.767,11.7,28.4,40.1,20.0,7.5,4.5,14.0,20.5,96.1,2009
New Orleans Hornets*,82,240.9,35.5,77.6,0.457,6.8,18.6,0.364,28.7,59.0,0.487,18.0,22.4,0.807,9.8,29.9,39.7,19.6,7.2,4.1,12.5,20.3,95.8,2009
Los Angeles Clippers,82,242.4,36.0,81.7,0.441,6.5,18.5,0.354,29.5,63.2,0.467,16.5,22.4,0.736,10.9,29.0,39.8,21.0,7.0,5.9,14.9,20.1,95.1,2009
Detroit Pistons*,82,242.7,36.4,80.0,0.454,4.6,13.2,0.349,31.8,66.8,0.475,16.9,22.5,0.751,11.6,29.9,41.4,20.6,6.0,4.6,11.9,20.9,94.2,2009
Memphis Grizzlies,82,241.5,34.9,77.0,0.454,4.9,13.5,0.36,30.1,63.5,0.474,19.1,25.3,0.756,10.3,28.5,38.8,17.4,7.5,4.7,15.3,21.7,93.9,2009
Charlotte Bobcats,82,243.0,35.0,76.8,0.455,6.0,16.3,0.366,29.0,60.5,0.479,17.7,24.0,0.74,10.8,28.9,39.7,21.2,7.1,4.8,15.6,21.4,93.6,2009
Phoenix Suns*,82,240.6,40.7,82.8,0.492,8.9,21.6,0.412,31.8,61.2,0.52,19.9,25.8,0.77,11.1,31.9,43.0,23.3,5.8,5.1,14.8,20.9,110.2,2010
Golden State Warriors,82,240.6,40.6,86.5,0.469,7.7,20.6,0.375,32.9,65.9,0.499,19.9,25.4,0.782,9.2,29.2,38.4,22.4,9.3,4.1,14.7,23.0,108.8,2010
Denver Nuggets*,82,241.2,38.1,81.4,0.468,6.6,18.5,0.359,31.5,62.9,0.5,23.6,30.6,0.772,10.8,30.5,41.4,21.0,8.3,5.1,13.9,22.5,106.5,2010
Utah Jazz*,82,240.9,39.4,80.2,0.491,5.4,14.7,0.364,34.0,65.5,0.519,20.2,27.2,0.741,10.6,31.6,42.2,26.7,8.2,4.9,15.2,22.7,104.2,2010
Toronto Raptors,82,241.2,39.0,80.9,0.482,6.3,17.0,0.371,32.7,63.8,0.512,19.7,25.8,0.764,9.8,30.6,40.4,22.0,5.7,4.7,13.4,22.2,104.1,2010
Orlando Magic*,82,240.6,36.6,78.0,0.47,10.3,27.3,0.375,26.4,50.6,0.521,19.2,26.5,0.724,9.9,33.4,43.2,19.7,6.2,5.6,14.1,19.9,102.8,2010
Memphis Grizzlies,82,242.7,39.3,83.8,0.469,4.2,12.4,0.337,35.1,71.4,0.492,19.7,26.9,0.733,13.0,30.4,43.5,18.8,7.9,4.9,15.2,20.2,102.5,2010
Houston Rockets,82,242.7,37.7,84.4,0.447,7.9,22.4,0.351,29.9,62.0,0.481,19.0,24.7,0.772,11.8,30.1,42.0,21.8,7.1,3.9,14.5,20.9,102.4,2010
Cleveland Cavaliers*,82,241.2,37.8,77.9,0.485,7.3,19.3,0.381,30.5,58.6,0.52,19.1,26.6,0.72,9.6,32.8,42.5,22.4,6.9,5.2,13.9,19.4,102.1,2010
New York Knicks,82,242.4,38.1,83.9,0.455,9.1,26.2,0.346,29.1,57.7,0.504,16.8,21.5,0.782,10.2,30.2,40.4,21.6,7.1,3.7,14.0,20.0,102.1,2010
Dallas Mavericks*,82,242.4,38.3,82.4,0.464,6.8,18.3,0.372,31.5,64.2,0.491,18.6,22.8,0.816,10.2,31.5,41.7,23.4,7.6,5.5,12.9,19.1,102.0,2010
Los Angeles Lakers*,82,241.8,38.3,83.8,0.457,6.5,19.0,0.341,31.9,64.8,0.492,18.5,24.2,0.765,11.9,32.5,44.3,21.1,7.5,4.9,13.4,19.4,101.7,2010
Atlanta Hawks*,82,242.1,38.8,82.9,0.468,6.4,17.7,0.36,32.4,65.2,0.497,17.7,23.3,0.759,11.8,29.9,41.7,21.8,7.2,5.0,12.0,19.9,101.7,2010
Oklahoma City Thunder*,82,241.5,37.4,80.8,0.462,5.1,15.0,0.34,32.3,65.9,0.49,21.7,27.0,0.805,11.7,31.8,43.5,20.0,8.0,5.9,15.0,21.3,101.5,2010
San Antonio Spurs*,82,241.2,38.4,81.2,0.473,6.8,18.9,0.358,31.7,62.3,0.508,17.8,24.0,0.74,10.8,32.0,42.8,22.3,6.3,4.6,13.6,20.4,101.4,2010
Indiana Pacers,82,240.3,36.8,83.2,0.443,8.0,23.1,0.348,28.8,60.1,0.479,19.1,24.6,0.775,9.6,31.9,41.5,21.1,7.1,5.4,15.0,22.5,100.8,2010
New Orleans Hornets,82,241.8,38.8,83.4,0.464,7.0,19.2,0.363,31.8,64.3,0.495,15.8,20.3,0.778,10.4,29.9,40.3,22.3,7.6,3.7,13.5,19.6,100.2,2010
Sacramento Kings,82,242.4,38.3,84.1,0.456,5.9,16.9,0.349,32.5,67.2,0.483,17.4,24.0,0.726,11.9,30.7,42.6,20.5,6.9,4.5,15.0,22.3,100.0,2010
Boston Celtics*,82,241.2,37.1,76.8,0.483,6.1,17.5,0.348,31.0,59.3,0.523,19.0,25.5,0.746,8.7,29.9,38.6,23.5,8.5,4.9,14.9,22.1,99.2,2010
Minnesota Timberwolves,82,241.2,37.9,84.4,0.449,4.9,14.4,0.341,33.0,70.0,0.471,17.5,23.5,0.746,11.7,31.2,42.9,19.8,7.3,3.7,16.3,20.7,98.2,2010
Portland Trail Blazers*,82,242.1,36.3,78.7,0.461,6.0,16.9,0.354,30.3,61.8,0.49,19.6,24.8,0.79,11.1,29.1,40.2,20.4,6.4,4.3,12.3,20.9,98.1,2010
Milwaukee Bucks*,82,243.7,37.2,85.3,0.436,7.9,22.1,0.356,29.3,63.2,0.464,15.4,20.4,0.755,11.8,31.2,43.0,21.2,7.1,4.7,13.2,22.2,97.7,2010
Philadelphia 76ers,82,241.5,37.6,81.8,0.46,5.8,16.8,0.343,31.9,64.9,0.491,16.7,22.0,0.756,11.5,29.5,41.0,21.0,8.1,5.4,14.5,20.5,97.7,2010
Chicago Bulls*,82,242.7,37.6,83.2,0.451,4.3,13.0,0.33,33.3,70.2,0.474,18.0,23.9,0.754,11.4,33.1,44.5,20.8,6.5,5.8,14.3,20.1,97.5,2010
Miami Heat*,82,242.4,36.4,79.5,0.458,6.0,17.4,0.346,30.4,62.1,0.489,17.7,23.5,0.752,10.7,31.1,41.8,18.9,7.4,5.6,13.2,20.9,96.5,2010
Washington Wizards,82,241.8,36.7,81.7,0.449,5.3,14.9,0.353,31.4,66.8,0.471,17.6,23.1,0.762,11.8,30.0,41.8,19.0,6.0,5.1,14.9,21.4,96.2,2010
Los Angeles Clippers,82,240.3,36.6,80.5,0.455,5.9,17.8,0.332,30.7,62.7,0.49,16.6,22.8,0.73,11.3,30.5,41.8,22.1,6.5,5.7,15.7,19.3,95.7,2010
Charlotte Bobcats*,82,242.4,34.9,76.9,0.453,5.6,16.2,0.346,29.2,60.7,0.482,20.0,26.6,0.751,10.5,30.4,40.8,20.2,7.7,5.4,15.7,19.5,95.3,2010
Detroit Pistons,82,241.2,35.9,80.5,0.445,4.6,14.5,0.314,31.3,66.0,0.474,17.7,24.4,0.728,12.8,27.3,40.2,19.4,7.3,3.8,13.4,22.2,94.0,2010
New Jersey Nets,82,241.2,34.3,79.9,0.429,4.6,14.5,0.318,29.7,65.5,0.454,19.2,24.6,0.78,10.9,28.8,39.7,18.8,7.0,4.8,14.4,20.0,92.4,2010
Denver Nuggets*,82,240.3,38.4,80.6,0.476,8.1,20.8,0.388,30.3,59.9,0.506,22.7,29.6,0.765,9.6,32.3,42.0,22.1,7.4,4.3,14.1,21.0,107.5,2011
New York Knicks*,82,241.2,38.3,83.7,0.457,9.3,25.4,0.368,29.0,58.4,0.496,20.6,25.5,0.809,10.3,30.1,40.5,21.4,7.6,5.8,13.7,21.3,106.5,2011
Houston Rockets,82,242.4,38.7,85.1,0.454,8.3,22.5,0.367,30.4,62.6,0.486,20.3,25.4,0.801,11.7,31.1,42.8,23.8,7.1,4.5,13.5,20.0,105.9,2011
Phoenix Suns,82,244.0,39.3,83.5,0.47,8.5,22.6,0.377,30.7,60.8,0.505,18.0,23.6,0.759,10.0,30.2,40.2,23.7,6.6,4.4,14.3,20.3,105.0,2011
Oklahoma City Thunder*,82,244.0,37.4,80.6,0.464,5.9,17.1,0.347,31.5,63.5,0.495,24.1,29.3,0.823,11.0,31.8,42.8,20.4,8.0,5.9,14.1,22.4,104.8,2011
San Antonio Spurs*,82,241.2,38.4,80.8,0.475,8.4,21.1,0.397,30.0,59.8,0.503,18.5,24.2,0.767,10.1,31.7,41.9,22.4,7.3,4.5,13.4,19.0,103.7,2011
Golden State Warriors,82,241.8,39.6,85.9,0.461,8.4,21.3,0.392,31.3,64.6,0.484,15.7,20.7,0.761,11.6,28.9,40.5,22.5,9.0,5.0,14.6,22.0,103.4,2011
Miami Heat*,82,241.2,37.0,76.8,0.481,6.7,18.0,0.37,30.3,58.8,0.515,21.5,27.9,0.769,9.6,32.5,42.1,20.0,6.6,5.2,13.9,20.4,102.1,2011
Los Angeles Lakers*,82,241.8,38.1,82.4,0.463,6.4,18.1,0.352,31.8,64.3,0.494,18.8,24.1,0.779,12.1,31.9,44.0,22.0,7.3,5.1,13.1,19.0,101.5,2011
Minnesota Timberwolves,82,241.2,37.7,85.5,0.441,7.2,19.1,0.376,30.5,66.5,0.459,18.5,24.1,0.768,13.2,31.2,44.4,20.1,7.2,5.1,17.0,22.3,101.1,2011
Dallas Mavericks*,82,240.3,37.4,78.8,0.475,7.9,21.6,0.365,29.6,57.3,0.516,17.5,22.6,0.777,9.5,31.9,41.4,23.8,6.8,4.3,14.0,19.2,100.2,2011
Memphis Grizzlies*,82,242.4,39.0,82.9,0.471,3.8,11.3,0.334,35.3,71.6,0.492,18.1,24.2,0.75,11.8,29.2,41.0,20.6,9.4,5.4,14.0,20.8,99.9,2011
Indiana Pacers*,82,241.2,36.6,82.8,0.442,7.1,20.2,0.354,29.5,62.6,0.471,19.4,24.8,0.782,11.1,32.4,43.5,19.6,7.1,5.6,15.4,21.7,99.8,2011
Utah Jazz,82,242.4,37.4,80.4,0.465,5.3,15.3,0.346,32.1,65.0,0.493,19.4,25.1,0.771,11.0,28.5,39.5,23.4,7.7,5.9,14.3,22.7,99.4,2011
Sacramento Kings,82,242.1,38.2,85.1,0.449,5.2,15.6,0.335,33.0,69.5,0.475,17.7,24.2,0.734,13.1,30.8,43.9,20.4,7.4,4.8,16.1,22.0,99.4,2011
Orlando Magic*,82,241.8,36.0,78.2,0.461,9.4,25.6,0.366,26.7,52.5,0.507,17.7,25.6,0.692,10.5,32.7,43.2,20.0,6.7,4.7,14.9,20.0,99.2,2011
Toronto Raptors,82,241.2,38.3,82.4,0.465,4.2,13.3,0.316,34.1,69.1,0.494,18.2,24.1,0.755,11.7,28.6,40.3,21.9,7.1,4.3,14.7,22.0,99.1,2011
Philadelphia 76ers*,82,243.0,38.1,82.6,0.461,5.4,15.2,0.355,32.7,67.4,0.485,17.4,22.6,0.77,10.4,31.4,41.8,22.7,7.6,4.3,13.0,19.4,99.0,2011
Los Angeles Clippers,82,242.1,36.8,80.4,0.457,6.3,18.5,0.338,30.5,61.9,0.493,18.9,26.7,0.707,11.6,30.5,42.1,22.1,7.1,4.9,16.4,21.1,98.6,2011
Chicago Bulls*,82,241.8,37.1,80.3,0.462,6.2,17.3,0.361,30.9,63.1,0.489,18.2,24.5,0.743,11.8,32.4,44.2,22.3,7.2,5.7,14.2,20.0,98.6,2011
Washington Wizards,82,243.0,37.2,84.0,0.443,4.8,14.4,0.332,32.4,69.6,0.465,18.2,24.4,0.745,12.4,29.0,41.3,19.4,8.1,6.1,15.3,22.6,97.3,2011
Detroit Pistons,82,242.4,37.3,81.1,0.46,5.8,15.3,0.376,31.5,65.7,0.479,16.7,22.6,0.737,11.4,27.3,38.6,21.1,7.3,4.0,13.0,19.9,97.0,2011
Boston Celtics*,82,241.2,36.9,75.8,0.486,5.0,13.6,0.365,31.9,62.2,0.513,17.8,23.1,0.77,7.8,31.0,38.8,23.4,8.2,4.2,14.6,20.5,96.5,2011
Portland Trail Blazers*,82,241.5,36.0,80.5,0.447,6.3,18.3,0.345,29.7,62.1,0.477,18.0,22.4,0.804,12.1,27.2,39.3,21.2,8.0,4.4,13.0,19.3,96.3,2011
Cleveland Cavaliers,82,240.9,35.2,81.1,0.434,6.2,18.2,0.342,29.0,62.9,0.461,18.9,25.3,0.745,10.4,29.9,40.3,21.0,6.6,4.2,14.2,20.1,95.5,2011
Atlanta Hawks*,82,240.6,36.2,78.4,0.462,6.1,17.4,0.352,30.1,61.0,0.494,16.4,21.1,0.779,9.3,30.0,39.3,22.0,6.1,4.2,13.6,19.0,95.0,2011
New Orleans Hornets*,82,241.8,35.9,78.2,0.459,5.4,15.0,0.36,30.5,63.2,0.482,17.7,23.1,0.765,10.0,30.1,40.1,20.6,7.6,4.4,13.0,21.0,94.9,2011
New Jersey Nets,82,244.0,35.6,81.0,0.44,5.6,16.3,0.343,30.0,64.6,0.464,17.4,22.9,0.759,11.1,29.8,40.8,21.0,5.6,4.7,14.0,22.0,94.2,2011
Charlotte Bobcats,82,241.5,35.0,77.6,0.451,4.8,14.7,0.327,30.2,63.0,0.48,18.4,24.4,0.756,10.3,29.8,40.1,21.1,6.4,5.3,14.5,20.0,93.3,2011
Milwaukee Bucks,82,241.8,34.3,79.8,0.43,5.9,17.2,0.342,28.4,62.6,0.454,17.4,22.9,0.757,10.5,30.2,40.8,18.8,7.5,4.9,13.5,20.5,91.9,2011
Denver Nuggets*,66,243.0,39.0,81.9,0.476,6.6,19.9,0.332,32.4,62.0,0.522,19.6,26.7,0.735,11.2,31.9,43.1,24.0,8.2,5.0,15.4,19.7,104.1,2012
San Antonio Spurs*,66,241.5,39.6,82.8,0.478,8.4,21.3,0.393,31.2,61.5,0.507,16.2,21.6,0.748,10.3,32.6,43.0,23.2,7.4,4.4,13.6,17.3,103.7,2012
Oklahoma City Thunder*,66,242.3,37.3,79.2,0.471,7.2,20.0,0.358,30.2,59.3,0.509,21.3,26.4,0.806,11.0,32.7,43.7,18.5,7.5,8.2,16.3,20.5,103.1,2012
Utah Jazz*,66,244.9,38.2,83.8,0.456,4.1,12.8,0.323,34.1,71.0,0.48,19.1,25.3,0.754,13.0,31.1,44.2,21.8,8.3,5.8,14.2,21.8,99.7,2012
Milwaukee Bucks,66,240.4,37.9,85.6,0.443,6.6,19.2,0.345,31.3,66.5,0.471,16.6,21.4,0.774,12.4,30.0,42.5,23.5,8.3,5.1,14.1,19.3,99.0,2012
Sacramento Kings,66,241.1,37.7,86.5,0.436,6.2,19.7,0.316,31.5,66.8,0.471,17.1,23.2,0.736,13.4,29.5,42.9,19.3,8.5,4.9,14.4,19.5,98.8,2012
Miami Heat*,66,243.0,37.1,79.0,0.469,5.6,15.6,0.359,31.5,63.4,0.496,18.8,24.2,0.775,10.4,31.2,41.6,20.0,8.9,5.4,15.2,19.4,98.5,2012
Phoenix Suns,66,240.0,37.8,82.5,0.458,6.7,19.6,0.343,31.1,62.9,0.494,16.0,21.2,0.757,10.9,30.8,41.7,22.5,6.5,5.5,14.1,18.7,98.4,2012
Houston Rockets,66,243.4,37.7,84.0,0.449,7.2,20.2,0.359,30.5,63.8,0.477,15.4,19.7,0.782,11.7,30.5,42.2,21.3,7.5,4.8,14.5,20.4,98.1,2012
Minnesota Timberwolves,66,241.5,35.7,82.3,0.433,7.2,21.6,0.332,28.5,60.8,0.469,19.4,25.2,0.771,12.1,31.7,43.7,19.5,6.6,4.4,15.2,18.4,97.9,2012
Golden State Warriors,66,241.1,37.7,82.5,0.457,7.9,20.5,0.388,29.8,62.0,0.48,14.4,18.7,0.77,9.7,29.5,39.2,22.3,8.0,5.5,13.9,21.4,97.8,2012
New York Knicks*,66,241.5,35.8,80.8,0.443,7.8,23.3,0.336,28.0,57.5,0.487,18.3,24.8,0.741,11.3,30.5,41.7,20.1,9.4,4.2,16.0,21.1,97.8,2012
Indiana Pacers*,66,242.3,35.7,81.4,0.438,5.9,16.1,0.368,29.7,65.3,0.455,20.4,26.1,0.782,12.5,31.4,43.9,18.6,7.9,5.4,14.0,21.7,97.7,2012
Los Angeles Clippers*,66,241.9,37.0,81.3,0.455,7.8,21.8,0.357,29.2,59.5,0.49,15.8,23.3,0.68,12.1,29.4,41.6,21.0,8.4,4.8,13.3,21.2,97.5,2012
Los Angeles Lakers*,66,243.4,36.8,80.6,0.457,5.5,16.8,0.326,31.3,63.7,0.491,18.2,24.1,0.756,12.1,34.1,46.2,22.5,5.9,5.3,15.1,16.8,97.3,2012
Portland Trail Blazers,66,241.9,36.4,82.1,0.443,7.2,20.9,0.346,29.2,61.1,0.477,17.2,21.6,0.796,11.1,29.5,40.7,20.4,8.0,4.9,14.2,19.0,97.2,2012
Atlanta Hawks*,66,244.9,36.8,81.0,0.454,7.5,20.2,0.37,29.3,60.9,0.482,15.5,21.0,0.74,9.9,31.3,41.2,22.4,8.1,4.6,14.0,17.8,96.6,2012
Chicago Bulls*,66,241.5,37.4,82.8,0.452,6.3,16.9,0.375,31.0,65.8,0.471,15.2,21.1,0.722,13.9,32.8,46.7,23.1,6.9,5.9,14.0,17.3,96.3,2012
Dallas Mavericks*,66,243.4,36.3,82.0,0.443,7.5,22.2,0.339,28.8,59.8,0.482,15.6,20.2,0.771,10.1,32.7,42.8,20.9,8.6,5.1,14.0,18.6,95.8,2012
Memphis Grizzlies*,66,241.5,36.7,82.2,0.447,4.2,12.9,0.326,32.5,69.3,0.47,17.3,22.8,0.759,12.6,29.5,42.0,19.5,9.6,5.2,14.5,19.9,95.0,2012
Orlando Magic*,66,241.9,34.5,78.2,0.441,10.2,27.0,0.375,24.3,51.2,0.475,15.1,22.8,0.66,11.2,31.2,42.5,20.0,6.8,4.2,14.9,17.7,94.2,2012
Washington Wizards,66,240.4,36.6,83.0,0.441,5.2,16.3,0.32,31.4,66.7,0.47,15.3,21.0,0.727,11.7,29.9,41.7,19.1,8.0,6.3,15.3,21.3,93.6,2012
Philadelphia 76ers*,66,241.1,37.4,83.6,0.448,5.3,14.6,0.362,32.2,69.0,0.466,13.5,18.2,0.742,10.7,32.5,43.2,22.0,8.0,5.2,11.2,17.5,93.6,2012
New Jersey Nets,66,240.8,34.3,80.6,0.425,7.7,22.4,0.342,26.6,58.2,0.457,16.9,21.7,0.777,11.9,28.5,40.3,19.9,7.5,3.9,15.1,19.2,93.1,2012
Cleveland Cavaliers,66,241.9,34.3,81.2,0.422,6.7,19.3,0.346,27.6,61.9,0.446,17.8,24.9,0.716,12.7,29.5,42.3,19.8,7.1,4.0,15.4,20.0,93.0,2012
Boston Celtics*,66,241.5,35.5,77.1,0.46,5.5,15.0,0.367,30.0,62.1,0.483,15.4,19.8,0.778,7.7,31.1,38.8,23.6,7.5,5.5,14.8,19.9,91.8,2012
Detroit Pistons,66,241.9,34.7,79.3,0.438,4.8,13.9,0.346,29.9,65.4,0.457,16.6,22.1,0.752,11.7,28.5,40.3,18.7,7.0,4.2,15.7,19.6,90.9,2012
Toronto Raptors,66,241.9,34.4,78.1,0.44,5.5,16.3,0.34,28.8,61.8,0.467,16.4,21.4,0.77,10.6,31.4,42.0,20.9,6.5,4.9,15.2,23.2,90.7,2012
New Orleans Hornets,66,241.5,34.8,77.3,0.451,3.9,11.8,0.333,30.9,65.5,0.472,16.0,21.2,0.757,11.0,30.2,41.1,20.7,7.4,4.8,15.5,20.1,89.6,2012
Charlotte Bobcats,66,240.8,33.2,80.2,0.414,4.0,13.5,0.295,29.2,66.7,0.439,16.5,22.2,0.746,10.3,28.7,39.0,20.1,6.0,5.5,14.5,18.9,87.0,2012
Denver Nuggets*,82,242.7,40.7,85.2,0.478,6.4,18.5,0.343,34.4,66.6,0.516,18.4,26.2,0.701,13.3,31.7,45.0,24.4,9.3,6.5,15.3,20.5,106.1,2013
Houston Rockets*,82,241.2,38.1,82.7,0.461,10.6,28.9,0.366,27.5,53.8,0.511,19.2,25.5,0.754,11.1,32.3,43.4,23.2,8.3,4.4,16.4,20.3,106.0,2013
Oklahoma City Thunder*,82,241.8,38.1,79.3,0.481,7.3,19.4,0.377,30.8,60.0,0.514,22.2,26.8,0.828,10.4,33.2,43.6,21.4,8.3,7.6,15.3,20.2,105.7,2013
San Antonio Spurs*,82,242.4,39.1,81.4,0.481,8.1,21.5,0.376,31.1,59.9,0.519,16.6,21.0,0.791,8.1,33.2,41.3,25.1,8.5,5.4,14.7,17.4,103.0,2013
Miami Heat*,82,242.4,38.4,77.4,0.496,8.7,22.1,0.396,29.6,55.4,0.536,17.4,23.0,0.754,8.2,30.4,38.6,23.0,8.7,5.4,13.9,18.7,102.9,2013
Los Angeles Lakers*,82,240.9,37.1,81.0,0.458,8.7,24.6,0.355,28.4,56.4,0.503,19.3,27.9,0.692,11.5,33.3,44.8,22.2,7.0,5.2,15.0,17.9,102.2,2013
Golden State Warriors*,82,241.5,38.2,83.4,0.458,8.0,19.9,0.403,30.1,63.5,0.475,16.8,21.3,0.79,10.8,34.2,45.0,22.5,6.9,4.2,15.1,21.4,101.2,2013
Los Angeles Clippers*,82,240.6,38.5,80.6,0.478,7.6,21.4,0.358,30.9,59.2,0.522,16.4,23.0,0.711,11.4,30.2,41.6,23.9,9.6,5.6,14.6,20.9,101.1,2013
Dallas Mavericks,82,243.7,38.8,84.0,0.462,7.4,19.9,0.372,31.4,64.2,0.489,16.1,20.4,0.793,9.4,32.6,41.9,23.2,7.9,5.5,14.0,20.7,101.1,2013
Sacramento Kings,82,241.8,37.6,84.2,0.447,7.4,20.5,0.363,30.2,63.7,0.474,17.5,22.8,0.769,11.5,29.1,40.6,20.8,8.2,4.2,14.6,20.9,100.2,2013
New York Knicks*,82,240.6,36.5,81.6,0.448,10.9,28.9,0.376,25.7,52.7,0.487,16.0,21.1,0.759,10.9,29.7,40.6,19.3,8.2,3.6,12.0,20.1,100.0,2013
Milwaukee Bucks*,82,241.8,38.1,87.8,0.435,7.3,20.4,0.36,30.8,67.4,0.457,15.3,20.7,0.736,13.0,30.9,44.0,22.9,8.4,6.7,14.1,19.0,98.9,2013
Utah Jazz,82,242.4,37.1,81.8,0.454,6.2,16.9,0.366,31.0,64.9,0.477,17.5,23.0,0.764,12.1,30.0,42.0,22.7,8.4,6.3,14.8,21.3,98.0,2013
Atlanta Hawks*,82,242.1,37.6,81.0,0.464,8.6,23.2,0.371,29.0,57.8,0.501,14.1,19.7,0.715,9.2,31.6,40.9,24.5,8.1,4.5,14.9,18.0,98.0,2013
Portland Trail Blazers,82,242.1,36.7,81.9,0.448,8.2,23.2,0.353,28.5,58.7,0.486,15.9,20.5,0.776,10.7,30.2,40.8,21.8,6.6,4.3,14.7,18.5,97.5,2013
Toronto Raptors,82,243.7,36.3,81.5,0.446,7.0,20.3,0.343,29.4,61.2,0.48,17.6,22.3,0.788,10.6,29.6,40.2,21.5,7.3,4.8,13.7,22.4,97.2,2013
Brooklyn Nets*,82,242.1,35.9,79.8,0.45,7.7,21.5,0.357,28.2,58.3,0.484,17.5,23.9,0.731,12.8,30.0,42.8,20.3,7.3,4.8,14.7,18.3,96.9,2013
Boston Celtics*,81,244.9,37.0,79.7,0.465,6.1,17.2,0.358,30.9,62.6,0.494,16.3,21.0,0.776,8.1,31.3,39.3,22.8,8.2,4.5,14.6,21.2,96.5,2013
Cleveland Cavaliers,82,240.6,36.5,84.2,0.434,6.7,19.3,0.346,29.8,64.9,0.46,16.8,22.3,0.756,12.2,28.8,41.0,20.7,7.9,4.1,14.0,21.2,96.5,2013
Minnesota Timberwolves,82,240.6,35.9,81.7,0.439,5.5,18.0,0.305,30.4,63.7,0.477,18.5,24.9,0.742,11.9,30.2,42.0,22.4,8.5,4.7,14.8,18.4,95.7,2013
Phoenix Suns,82,241.5,37.3,84.4,0.443,5.9,17.7,0.33,31.5,66.6,0.473,14.7,19.7,0.744,11.7,29.9,41.6,22.6,8.0,5.3,15.6,20.6,95.2,2013
Detroit Pistons,82,241.5,36.3,81.0,0.449,6.3,17.6,0.356,30.1,63.4,0.474,15.9,22.8,0.699,12.1,30.0,42.1,21.2,7.0,4.9,15.1,19.8,94.9,2013
Indiana Pacers*,81,241.9,35.1,80.6,0.436,6.9,19.7,0.347,28.3,60.8,0.465,17.6,23.6,0.746,12.9,33.0,45.9,20.3,7.2,6.3,15.1,20.0,94.7,2013
New Orleans Hornets,82,241.2,36.0,80.4,0.448,6.5,18.0,0.363,29.5,62.4,0.473,15.5,20.0,0.776,12.0,29.6,41.6,21.0,6.3,5.4,14.5,20.4,94.1,2013
Orlando Magic,82,241.2,37.7,84.2,0.448,6.2,18.7,0.329,31.5,65.5,0.482,12.5,16.6,0.755,10.9,31.9,42.7,22.8,6.4,4.4,14.5,19.4,94.1,2013
Memphis Grizzlies*,82,241.5,36.1,81.5,0.444,4.7,13.5,0.345,31.5,68.0,0.463,16.5,21.3,0.773,12.9,29.8,42.7,20.9,8.6,5.3,14.0,20.2,93.4,2013
Charlotte Bobcats,82,241.5,34.4,81.1,0.425,5.7,17.1,0.335,28.7,64.0,0.448,18.9,25.1,0.75,11.2,29.1,40.3,19.4,7.2,5.8,14.1,19.0,93.4,2013
Philadelphia 76ers,82,240.9,37.3,84.1,0.444,6.3,17.5,0.36,31.0,66.5,0.466,12.2,16.8,0.729,10.9,30.4,41.3,22.8,7.4,4.7,13.0,18.4,93.2,2013
Chicago Bulls*,82,241.8,35.7,81.7,0.437,5.4,15.4,0.353,30.2,66.3,0.456,16.4,21.2,0.773,12.5,30.7,43.2,23.0,7.2,5.1,14.3,19.7,93.2,2013
Washington Wizards,82,242.1,35.5,81.6,0.435,6.6,18.2,0.365,28.8,63.4,0.455,15.6,21.3,0.733,10.8,32.3,43.2,21.6,7.3,4.6,15.1,20.5,93.2,2013
Los Angeles Clippers*,82,240.9,39.1,82.5,0.474,8.5,24.0,0.352,30.7,58.5,0.525,21.2,29.1,0.73,10.5,32.5,43.0,24.6,8.6,4.8,13.9,21.5,107.9,2014
Houston Rockets*,82,241.8,38.0,80.5,0.472,9.5,26.6,0.358,28.5,54.0,0.529,22.1,31.1,0.712,11.2,34.1,45.3,21.4,7.6,5.6,16.1,20.4,107.7,2014
Minnesota Timberwolves,82,242.1,38.9,87.5,0.444,7.3,21.4,0.341,31.6,66.1,0.478,21.8,28.1,0.778,12.5,32.2,44.7,23.9,8.8,3.6,13.9,18.3,106.9,2014
Portland Trail Blazers*,82,242.1,39.1,87.0,0.45,9.4,25.3,0.372,29.7,61.7,0.481,19.1,23.5,0.815,12.5,34.0,46.4,23.2,5.5,4.7,13.7,19.2,106.7,2014
Oklahoma City Thunder*,82,241.5,39.0,82.7,0.471,8.1,22.4,0.361,30.9,60.3,0.512,20.2,25.0,0.806,10.8,33.9,44.7,21.9,8.3,6.1,15.3,22.7,106.2,2014
San Antonio Spurs*,82,240.9,40.6,83.5,0.486,8.5,21.4,0.397,32.0,62.0,0.517,15.7,20.0,0.785,9.3,34.0,43.3,25.2,7.4,5.1,14.4,18.2,105.4,2014
Phoenix Suns,82,240.9,38.7,83.5,0.463,9.3,25.1,0.372,29.4,58.4,0.503,18.5,24.4,0.758,11.3,31.7,43.0,19.1,8.4,4.6,15.3,21.9,105.2,2014
Dallas Mavericks*,82,241.8,39.6,83.6,0.474,8.8,22.9,0.384,30.8,60.7,0.508,16.8,21.1,0.795,10.2,30.7,40.9,23.6,8.6,4.3,13.5,20.0,104.8,2014
Denver Nuggets,82,240.9,38.4,85.9,0.447,8.6,23.9,0.358,29.8,62.0,0.481,19.1,26.3,0.726,12.3,33.1,45.4,22.4,7.5,5.6,15.9,23.0,104.4,2014
Golden State Warriors*,82,241.8,39.5,85.4,0.462,9.4,24.8,0.38,30.0,60.6,0.496,15.9,21.1,0.753,10.9,34.4,45.3,23.3,7.8,5.0,15.2,21.8,104.3,2014
Los Angeles Lakers,82,240.3,38.3,85.1,0.45,9.4,24.8,0.381,28.8,60.3,0.478,17.0,22.4,0.757,9.1,32.0,41.0,24.5,7.5,5.4,15.1,19.8,103.0,2014
Miami Heat*,82,242.4,38.3,76.5,0.501,8.1,22.3,0.364,30.2,54.2,0.558,17.5,23.0,0.76,7.6,29.2,36.9,22.5,8.9,4.5,14.8,19.5,102.2,2014
Toronto Raptors*,82,243.4,36.5,81.9,0.445,8.7,23.4,0.372,27.8,58.5,0.475,19.6,25.1,0.782,11.4,31.1,42.5,21.2,7.0,4.2,14.1,23.0,101.3,2014
Atlanta Hawks*,82,241.8,37.3,81.6,0.458,9.4,25.8,0.363,28.0,55.8,0.502,17.0,21.7,0.781,8.7,31.3,40.0,24.9,8.3,4.0,15.3,19.2,101.0,2014
Detroit Pistons,82,241.2,38.8,86.9,0.447,6.2,19.3,0.321,32.6,67.6,0.483,17.3,25.7,0.67,14.6,30.8,45.4,20.9,8.4,4.8,14.5,20.3,101.0,2014
Washington Wizards*,82,244.6,38.7,84.4,0.459,7.9,20.8,0.38,30.9,63.6,0.485,15.3,20.9,0.731,10.8,31.4,42.2,23.3,8.1,4.6,14.7,20.4,100.7,2014
Sacramento Kings,82,241.8,36.9,82.5,0.447,6.0,18.0,0.333,30.9,64.5,0.479,20.7,27.3,0.759,12.1,32.4,44.5,18.9,7.2,3.9,15.2,22.5,100.5,2014
New Orleans Pelicans,82,242.1,37.8,82.5,0.459,5.9,15.9,0.373,31.9,66.6,0.479,18.2,23.6,0.769,11.4,30.3,41.7,21.3,7.9,6.4,13.8,22.6,99.7,2014
Philadelphia 76ers,82,242.1,37.9,87.2,0.435,7.0,22.5,0.312,30.9,64.7,0.477,16.6,23.4,0.71,11.6,31.2,42.7,21.8,9.3,4.0,16.9,22.5,99.5,2014
New York Knicks,82,242.1,36.9,82.2,0.449,9.3,24.9,0.372,27.7,57.3,0.482,15.5,20.4,0.761,10.6,29.7,40.3,20.0,7.7,4.5,13.0,22.1,98.6,2014
Brooklyn Nets*,82,242.4,35.7,77.9,0.459,8.6,23.4,0.369,27.1,54.5,0.497,18.4,24.4,0.753,8.8,29.4,38.1,20.9,8.6,3.8,14.5,21.7,98.5,2014
Cleveland Cavaliers,82,243.0,37.0,84.8,0.437,7.1,20.0,0.356,29.9,64.8,0.461,17.0,22.7,0.751,12.1,32.1,44.1,21.2,7.1,3.7,14.2,20.0,98.2,2014
Charlotte Bobcats*,82,242.7,36.3,82.1,0.442,6.3,17.9,0.351,30.0,64.1,0.468,18.0,24.4,0.737,9.5,33.2,42.7,21.7,6.1,5.1,12.3,18.2,96.9,2014
Indiana Pacers*,82,241.2,36.0,80.2,0.449,6.7,18.8,0.357,29.3,61.4,0.477,18.1,23.3,0.779,10.2,34.5,44.7,20.1,6.7,5.4,15.1,20.4,96.7,2014
Orlando Magic,82,243.4,36.9,82.7,0.445,6.9,19.5,0.353,30.0,63.3,0.474,15.9,20.9,0.763,9.7,32.4,42.0,21.0,7.7,4.3,14.9,20.5,96.5,2014
Boston Celtics,82,240.6,36.5,83.9,0.435,7.0,21.1,0.333,29.5,62.9,0.47,16.2,20.8,0.777,12.0,30.5,42.5,21.0,7.1,4.2,15.4,21.3,96.2,2014
Memphis Grizzlies*,82,241.5,38.1,82.0,0.464,4.9,14.0,0.353,33.1,68.0,0.487,15.1,20.3,0.741,11.6,30.8,42.4,21.9,7.7,4.6,13.7,19.1,96.1,2014
Milwaukee Bucks,82,242.4,36.0,82.2,0.438,6.7,18.9,0.353,29.3,63.2,0.464,16.8,22.5,0.747,11.8,29.3,41.1,21.5,6.6,4.9,15.1,20.9,95.5,2014
Utah Jazz,82,241.2,36.0,81.1,0.444,6.6,19.2,0.344,29.4,61.9,0.474,16.4,22.0,0.747,11.0,30.2,41.2,20.3,7.0,4.5,14.6,20.7,95.0,2014
Chicago Bulls*,82,243.0,34.7,80.2,0.432,6.2,17.8,0.348,28.5,62.4,0.456,18.1,23.3,0.779,11.4,32.7,44.1,22.7,7.2,5.2,14.9,19.1,93.7,2014
Golden State Warriors*,82,240.6,41.6,87.0,0.478,10.8,27.0,0.398,30.8,60.0,0.514,16.0,20.8,0.768,10.4,34.3,44.7,27.4,9.3,6.0,14.5,19.9,110.0,2015
Los Angeles Clippers*,82,240.6,39.4,83.3,0.473,10.1,26.9,0.376,29.3,56.4,0.519,17.9,25.2,0.71,9.6,33.1,42.6,24.8,7.8,5.0,12.3,21.3,106.7,2015
Dallas Mavericks*,82,242.4,39.7,85.8,0.463,8.9,25.4,0.352,30.8,60.4,0.509,16.9,22.5,0.752,10.5,31.8,42.3,22.5,8.1,4.5,13.0,20.0,105.2,2015
Oklahoma City Thunder,82,241.8,38.8,86.8,0.447,7.7,22.7,0.339,31.1,64.1,0.486,18.6,24.6,0.754,12.8,34.7,47.5,20.5,7.3,5.5,14.7,22.3,104.0,2015
Toronto Raptors*,82,242.1,37.9,83.3,0.455,8.9,25.1,0.352,29.0,58.2,0.499,19.3,24.6,0.787,10.7,30.8,41.5,20.7,7.5,4.4,12.9,20.9,104.0,2015
Houston Rockets*,82,241.5,37.0,83.3,0.444,11.4,32.7,0.348,25.6,50.6,0.506,18.6,26.0,0.715,11.7,32.0,43.7,22.2,9.5,5.0,16.7,22.0,103.9,2015
San Antonio Spurs*,82,243.4,39.1,83.6,0.468,8.3,22.5,0.367,30.9,61.1,0.505,16.7,21.4,0.78,9.8,33.8,43.6,24.4,8.0,5.4,14.0,19.1,103.2,2015
Cleveland Cavaliers*,82,241.2,37.7,82.2,0.458,10.1,27.5,0.367,27.6,54.7,0.504,17.7,23.6,0.751,11.1,31.9,43.0,22.1,7.4,4.1,14.3,18.4,103.1,2015
Portland Trail Blazers*,82,242.1,38.7,86.0,0.45,9.8,27.2,0.362,28.9,58.8,0.491,15.5,19.4,0.801,10.7,35.1,45.9,21.9,6.4,4.5,13.6,18.2,102.8,2015
Atlanta Hawks*,82,240.6,38.1,81.7,0.466,10.0,26.2,0.38,28.1,55.5,0.506,16.5,21.2,0.778,8.7,31.8,40.6,25.7,9.1,4.6,14.2,17.8,102.5,2015
Phoenix Suns,82,242.4,38.8,85.8,0.452,8.5,25.0,0.341,30.2,60.9,0.497,16.4,21.5,0.76,10.9,32.2,43.2,20.2,8.5,4.7,15.1,21.3,102.4,2015
Denver Nuggets,82,242.4,37.8,87.3,0.433,8.0,24.8,0.325,29.7,62.5,0.476,17.8,24.3,0.734,12.3,32.4,44.7,21.8,7.8,4.5,14.2,23.0,101.5,2015
Boston Celtics*,82,242.4,38.9,87.9,0.443,8.0,24.6,0.327,30.9,63.3,0.488,15.4,20.5,0.754,11.1,32.7,43.8,24.5,8.2,3.6,13.8,21.2,101.4,2015
Sacramento Kings,82,242.1,36.7,80.7,0.455,5.6,16.5,0.341,31.1,64.2,0.484,22.3,29.3,0.762,10.9,33.3,44.2,20.3,6.7,4.0,16.3,20.7,101.3,2015
Chicago Bulls*,82,242.4,36.6,82.9,0.442,7.9,22.3,0.353,28.7,60.6,0.474,19.7,25.2,0.783,11.7,34.0,45.7,21.7,6.3,5.8,14.0,18.2,100.8,2015
New Orleans Pelicans*,82,241.2,37.9,82.9,0.457,7.1,19.3,0.37,30.8,63.6,0.484,16.4,21.8,0.751,11.5,32.0,43.5,22.0,6.7,6.2,13.3,18.7,99.4,2015
Washington Wizards*,82,243.4,38.3,82.8,0.462,6.1,16.8,0.36,32.2,66.0,0.488,15.9,21.4,0.742,10.5,34.2,44.7,24.0,7.3,4.6,15.0,20.8,98.5,2015
Los Angeles Lakers,82,243.0,37.2,85.6,0.435,6.5,18.9,0.344,30.8,66.8,0.461,17.5,23.6,0.741,11.6,32.3,43.9,20.9,7.0,4.5,13.2,21.2,98.5,2015
Detroit Pistons,82,241.8,37.1,85.8,0.432,8.6,24.9,0.344,28.5,60.9,0.468,15.8,22.4,0.703,12.8,32.1,44.9,21.6,7.6,4.7,13.4,19.0,98.5,2015
Memphis Grizzlies*,82,242.7,37.8,82.5,0.458,5.2,15.2,0.339,32.6,67.3,0.485,17.6,22.8,0.773,10.4,32.1,42.6,21.7,8.5,4.2,13.3,19.1,98.3,2015
Brooklyn Nets*,82,243.0,37.4,83.0,0.451,6.6,19.9,0.331,30.8,63.1,0.489,16.6,22.2,0.748,10.3,32.0,42.4,20.9,7.0,4.1,13.8,19.3,98.0,2015
Minnesota Timberwolves,82,241.5,36.4,83.2,0.438,5.0,14.9,0.332,31.5,68.3,0.461,20.0,25.7,0.776,11.6,29.3,40.9,21.6,8.1,4.0,15.0,19.2,97.8,2015
Milwaukee Bucks*,82,243.0,37.6,82.0,0.459,6.6,18.3,0.363,31.0,63.7,0.486,16.0,21.1,0.757,10.7,31.4,42.1,23.6,9.6,4.9,16.7,22.1,97.8,2015
Indiana Pacers,82,242.1,36.6,83.2,0.439,7.5,21.2,0.352,29.1,62.0,0.469,16.7,22.2,0.756,10.4,34.4,44.9,21.4,6.2,4.6,14.0,21.2,97.3,2015
Orlando Magic,82,240.9,37.5,82.8,0.453,6.8,19.5,0.347,30.8,63.3,0.486,13.9,19.1,0.729,10.0,31.8,41.8,20.6,7.9,3.8,14.9,20.9,95.7,2015
Utah Jazz,82,240.3,35.4,79.2,0.447,7.4,21.7,0.343,27.9,57.5,0.486,17.0,23.5,0.721,12.0,31.9,44.0,19.9,7.6,6.0,15.3,19.3,95.1,2015
Miami Heat,82,240.6,35.2,77.2,0.456,6.8,20.2,0.335,28.4,57.0,0.499,17.5,23.7,0.741,9.1,30.0,39.1,19.8,7.8,4.5,14.8,20.0,94.7,2015
Charlotte Hornets,82,242.7,35.5,84.5,0.42,6.1,19.1,0.318,29.5,65.4,0.45,17.0,22.8,0.748,10.0,34.1,44.1,20.2,6.1,5.5,11.9,18.2,94.2,2015
Philadelphia 76ers,82,241.5,33.7,82.6,0.408,8.4,26.3,0.32,25.3,56.3,0.449,16.1,23.8,0.676,11.9,30.9,42.9,20.5,9.6,5.9,17.7,21.7,92.0,2015
New York Knicks,82,242.1,35.1,82.0,0.428,6.8,19.7,0.347,28.3,62.3,0.454,14.8,19.2,0.769,10.6,29.8,40.4,21.3,7.0,4.7,14.7,21.6,91.9,2015
Golden State Warriors*,82,242.4,42.5,87.3,0.487,13.1,31.6,0.416,29.4,55.7,0.528,16.7,21.8,0.763,10.0,36.2,46.2,28.9,8.4,6.1,15.2,20.7,114.9,2016
Oklahoma City Thunder*,82,241.8,41.1,86.4,0.476,8.3,23.7,0.349,32.9,62.6,0.524,19.7,25.2,0.782,13.1,35.6,48.6,23.0,7.4,5.9,15.9,20.6,110.2,2016
Sacramento Kings,82,241.5,40.0,86.4,0.464,8.0,22.4,0.359,32.0,64.0,0.5,18.5,25.5,0.725,10.6,33.7,44.2,24.5,8.9,4.5,16.2,20.4,106.6,2016
Houston Rockets*,82,241.8,37.7,83.5,0.452,10.7,30.9,0.347,27.0,52.6,0.514,20.4,29.4,0.694,11.3,31.7,43.1,22.2,10.0,5.2,15.9,21.8,106.5,2016
Boston Celtics*,82,241.2,39.2,89.2,0.439,8.7,26.1,0.335,30.5,63.1,0.483,18.5,23.5,0.788,11.6,33.3,44.9,24.2,9.2,4.2,13.7,21.9,105.7,2016
Portland Trail Blazers*,82,241.5,38.6,85.9,0.45,10.5,28.5,0.37,28.1,57.4,0.49,17.4,23.0,0.754,11.6,33.9,45.5,21.3,6.9,4.6,14.6,21.7,105.1,2016
Los Angeles Clippers*,82,241.8,38.3,82.4,0.465,9.7,26.7,0.364,28.6,55.7,0.513,18.2,26.2,0.692,8.8,33.3,42.0,22.8,8.6,5.6,13.0,21.3,104.5,2016
Cleveland Cavaliers*,82,242.1,38.7,84.0,0.46,10.7,29.6,0.362,27.9,54.4,0.514,16.3,21.7,0.748,10.6,33.9,44.5,22.7,6.7,3.9,13.6,20.3,104.3,2016
Washington Wizards,82,240.9,39.5,85.8,0.46,8.6,24.2,0.358,30.8,61.6,0.501,16.5,22.5,0.73,9.1,32.8,41.8,24.5,8.6,3.9,14.5,20.8,104.1,2016
San Antonio Spurs*,82,240.3,40.1,82.9,0.484,7.0,18.5,0.375,33.2,64.4,0.515,16.4,20.4,0.803,9.4,34.5,43.9,24.5,8.3,5.9,13.1,17.5,103.5,2016
Charlotte Hornets*,82,242.1,37.0,84.4,0.439,10.6,29.4,0.362,26.4,55.0,0.479,18.7,23.7,0.79,9.0,35.0,43.9,21.7,7.3,5.3,12.6,18.1,103.4,2016
Atlanta Hawks*,82,241.8,38.6,84.4,0.458,9.9,28.4,0.35,28.7,56.1,0.512,15.6,20.0,0.783,8.3,33.8,42.1,25.6,9.1,5.9,15.0,19.1,102.8,2016
Toronto Raptors*,82,241.2,36.7,81.3,0.451,8.6,23.4,0.37,28.0,58.0,0.483,20.8,26.7,0.777,10.2,33.2,43.4,18.7,7.8,5.5,13.1,19.6,102.7,2016
New Orleans Pelicans,82,241.2,38.5,85.9,0.448,8.6,23.8,0.36,29.9,62.1,0.482,17.3,22.2,0.776,9.5,33.1,42.6,22.2,7.7,4.2,13.4,20.9,102.7,2016
Minnesota Timberwolves,82,242.4,37.7,81.3,0.464,5.5,16.4,0.338,32.2,64.9,0.496,21.4,27.0,0.792,10.0,31.5,41.6,23.4,8.0,4.6,15.0,20.7,102.4,2016
Dallas Mavericks*,82,244.0,37.4,84.1,0.444,9.8,28.6,0.344,27.5,55.6,0.495,17.7,22.3,0.794,9.2,33.9,43.1,22.1,6.8,3.7,12.8,19.5,102.3,2016
Indiana Pacers*,82,242.4,38.3,85.2,0.45,8.1,23.0,0.351,30.2,62.1,0.486,17.4,22.8,0.764,10.3,33.9,44.2,21.2,9.0,4.8,14.9,20.0,102.2,2016
Orlando Magic,82,242.7,39.5,86.8,0.455,7.8,22.2,0.35,31.8,64.7,0.492,15.2,20.1,0.757,10.3,33.0,43.3,23.6,8.2,5.1,14.1,20.7,102.1,2016
Detroit Pistons*,82,242.4,37.9,86.4,0.439,9.0,26.2,0.345,28.9,60.2,0.48,17.1,25.5,0.668,12.5,33.9,46.3,19.4,7.0,3.7,13.5,19.0,102.0,2016
Denver Nuggets,82,241.8,37.7,85.4,0.442,8.0,23.7,0.338,29.7,61.7,0.482,18.5,24.1,0.766,11.5,33.1,44.6,22.7,7.4,4.8,14.7,21.0,101.9,2016
Chicago Bulls,82,242.7,38.6,87.4,0.441,7.9,21.4,0.371,30.7,66.1,0.464,16.5,21.0,0.787,11.1,35.2,46.3,22.8,6.0,5.7,13.9,18.8,101.6,2016
Phoenix Suns,82,240.3,37.2,85.6,0.435,9.0,25.8,0.348,28.2,59.8,0.472,17.5,23.2,0.751,11.5,33.3,44.8,20.7,7.7,3.8,17.2,22.7,100.9,2016
Miami Heat*,82,241.8,38.4,81.7,0.47,6.1,18.0,0.336,32.3,63.6,0.508,17.1,23.0,0.744,9.8,34.3,44.1,20.8,6.7,6.5,14.1,18.3,100.0,2016
Memphis Grizzlies*,82,241.8,36.8,83.6,0.44,6.1,18.5,0.331,30.7,65.1,0.471,19.3,24.7,0.783,11.2,30.5,41.6,20.7,8.8,4.3,13.3,21.7,99.1,2016
Milwaukee Bucks,82,241.8,38.4,82.2,0.467,5.4,15.6,0.345,33.0,66.6,0.495,17.0,22.7,0.747,10.5,31.2,41.7,23.1,8.2,5.8,15.2,20.7,99.0,2016
Brooklyn Nets,82,240.9,38.2,84.4,0.453,6.5,18.4,0.352,31.8,66.0,0.481,15.7,20.7,0.757,10.5,31.9,42.4,22.3,7.6,4.0,14.8,18.0,98.6,2016
New York Knicks,82,241.5,36.9,84.0,0.439,7.4,21.5,0.346,29.4,62.5,0.471,17.2,21.4,0.805,10.4,34.0,44.4,20.5,5.7,5.7,13.4,19.7,98.4,2016
Utah Jazz,82,243.4,36.1,80.4,0.449,8.5,23.9,0.355,27.6,56.5,0.488,17.1,23.0,0.744,10.7,32.5,43.2,19.0,7.7,5.2,14.9,20.2,97.7,2016
Philadelphia 76ers,82,241.5,36.2,84.0,0.431,9.3,27.5,0.339,26.9,56.5,0.476,15.7,22.6,0.694,9.5,31.8,41.2,21.5,8.3,6.0,16.4,21.7,97.4,2016
Los Angeles Lakers,82,240.6,35.1,84.8,0.414,7.8,24.6,0.317,27.3,60.2,0.454,19.3,24.7,0.781,10.7,32.3,43.0,18.0,7.2,4.1,13.7,20.3,97.3,2016
Golden State Warriors*,82,241.2,43.1,87.1,0.495,12.0,31.2,0.383,31.1,55.8,0.557,17.8,22.6,0.788,9.4,35.0,44.4,30.4,9.6,6.8,14.8,19.3,115.9,2017
Houston Rockets*,82,241.2,40.3,87.2,0.462,14.4,40.3,0.357,25.9,46.9,0.552,20.3,26.5,0.766,10.9,33.5,44.4,25.2,8.2,4.3,15.1,19.9,115.3,2017
Denver Nuggets,82,240.9,41.2,87.7,0.469,10.6,28.8,0.368,30.6,58.9,0.519,18.7,24.2,0.774,11.8,34.6,46.4,25.3,6.9,3.9,15.0,19.1,111.7,2017
Cleveland Cavaliers*,82,242.4,39.9,84.9,0.47,13.0,33.9,0.384,26.9,51.0,0.528,17.5,23.3,0.748,9.3,34.4,43.7,22.7,6.6,4.0,13.7,18.1,110.3,2017
Washington Wizards*,82,242.1,41.3,87.0,0.475,9.2,24.8,0.372,32.1,62.3,0.515,17.3,22.1,0.784,10.3,32.6,42.9,23.9,8.5,4.1,14.2,21.3,109.2,2017
Los Angeles Clippers*,82,240.9,39.5,83.2,0.475,10.3,27.4,0.375,29.3,55.8,0.525,19.3,26.0,0.745,9.0,34.0,43.0,22.5,7.5,4.2,13.0,19.8,108.7,2017
Boston Celtics*,82,240.9,38.6,85.1,0.454,12.0,33.4,0.359,26.6,51.7,0.515,18.7,23.2,0.807,9.1,32.9,42.0,25.2,7.5,4.1,13.3,20.6,108.0,2017
Portland Trail Blazers*,82,243.0,39.5,86.1,0.459,10.4,27.7,0.375,29.2,58.4,0.499,18.5,23.7,0.78,10.1,33.5,43.7,21.1,7.0,5.0,13.7,21.2,107.9,2017
Phoenix Suns,82,241.8,39.9,88.5,0.45,7.5,22.6,0.332,32.4,65.9,0.491,20.4,26.3,0.776,11.9,33.1,45.0,19.6,8.2,4.9,15.4,24.8,107.7,2017
Toronto Raptors*,82,241.2,39.2,84.4,0.464,8.8,24.3,0.363,30.3,60.0,0.505,19.7,24.7,0.796,10.6,32.6,43.3,18.5,8.3,4.9,12.7,20.8,106.9,2017
Oklahoma City Thunder*,82,241.5,39.5,87.4,0.452,8.4,25.8,0.327,31.0,61.6,0.504,19.2,25.8,0.745,12.2,34.4,46.6,21.0,7.9,5.0,15.0,20.9,106.6,2017
Brooklyn Nets,82,240.9,37.8,85.2,0.444,10.7,31.6,0.338,27.1,53.6,0.506,19.4,24.6,0.788,8.8,35.1,43.9,21.4,7.2,4.7,16.5,21.0,105.8,2017
Minnesota Timberwolves,82,241.5,39.5,84.4,0.467,7.3,21.0,0.349,32.1,63.4,0.507,19.3,24.2,0.799,11.4,31.0,42.4,23.7,8.0,4.5,14.0,20.1,105.6,2017
San Antonio Spurs*,82,241.5,39.3,83.7,0.469,9.2,23.5,0.391,30.1,60.2,0.5,17.6,22.0,0.797,10.0,33.9,43.9,23.8,8.0,5.9,13.4,18.3,105.3,2017
Indiana Pacers*,82,242.1,39.3,84.5,0.465,8.6,23.0,0.376,30.6,61.5,0.498,17.9,22.1,0.81,9.0,33.0,42.0,22.5,8.2,5.0,13.8,19.5,105.1,2017
Charlotte Hornets,82,241.8,37.7,85.4,0.442,10.0,28.6,0.351,27.7,56.7,0.488,19.4,23.8,0.815,8.8,34.8,43.6,23.1,7.0,4.8,11.5,16.6,104.9,2017
Los Angeles Lakers,82,240.3,39.3,87.4,0.45,8.9,25.7,0.346,30.4,61.6,0.493,17.0,22.6,0.754,11.4,32.1,43.5,20.9,8.2,3.9,15.2,20.7,104.6,2017
New Orleans Pelicans,82,242.7,39.1,87.0,0.45,9.4,26.8,0.35,29.8,60.2,0.495,16.7,22.3,0.75,8.6,35.1,43.7,22.8,7.8,5.5,12.9,18.2,104.3,2017
New York Knicks,82,242.1,39.6,88.5,0.447,8.6,24.7,0.348,31.0,63.8,0.485,16.6,21.1,0.788,12.0,33.2,45.2,21.8,7.1,5.5,13.9,20.3,104.3,2017
Milwaukee Bucks*,82,241.2,38.8,81.9,0.474,8.8,23.7,0.37,30.0,58.2,0.516,17.2,22.4,0.768,8.8,31.6,40.4,24.2,8.1,5.3,14.0,20.2,103.6,2017
Atlanta Hawks*,82,242.4,38.1,84.4,0.451,8.9,26.1,0.341,29.2,58.3,0.501,18.1,24.9,0.728,10.3,34.1,44.3,23.6,8.2,4.8,15.8,18.2,103.2,2017
Miami Heat,82,241.2,39.0,85.8,0.455,9.9,27.0,0.365,29.2,58.8,0.496,15.2,21.6,0.706,10.6,33.0,43.6,21.2,7.2,5.7,13.4,20.5,103.2,2017
Chicago Bulls*,82,241.2,38.6,87.1,0.444,7.6,22.3,0.34,31.0,64.8,0.479,18.0,22.5,0.798,12.2,34.1,46.3,22.6,7.8,4.8,13.6,17.7,102.9,2017
Sacramento Kings,82,242.4,37.9,82.1,0.461,9.0,23.9,0.376,28.9,58.2,0.496,18.1,23.3,0.775,8.7,32.3,41.1,22.5,7.6,4.0,14.6,20.3,102.8,2017
Philadelphia 76ers,82,241.8,37.7,85.3,0.442,10.1,29.8,0.34,27.5,55.5,0.496,17.0,22.0,0.771,9.8,33.0,42.8,23.8,8.4,5.1,16.7,21.9,102.4,2017
Detroit Pistons,82,241.5,39.9,88.8,0.449,7.7,23.4,0.33,32.2,65.5,0.492,13.9,19.3,0.719,11.1,34.6,45.7,21.1,7.0,3.8,11.9,17.9,101.3,2017
Orlando Magic,82,241.5,38.3,87.0,0.44,8.5,26.1,0.328,29.7,60.9,0.488,16.0,21.4,0.747,9.8,33.3,43.2,22.2,7.1,4.8,13.3,19.3,101.1,2017
Utah Jazz*,82,240.9,37.0,79.5,0.466,9.6,26.0,0.372,27.3,53.5,0.511,17.1,22.9,0.747,9.4,33.8,43.2,20.1,6.7,5.0,13.6,18.8,100.7,2017
Memphis Grizzlies*,82,242.7,36.4,83.6,0.435,9.4,26.5,0.354,27.0,57.1,0.473,18.3,23.4,0.784,10.8,32.0,42.8,21.3,8.0,4.2,12.9,22.4,100.5,2017
Dallas Mavericks,82,241.2,36.2,82.3,0.44,10.7,30.2,0.355,25.5,52.2,0.489,14.8,18.5,0.801,7.9,30.7,38.6,20.8,7.5,3.7,11.9,19.1,97.9,2017
Golden State Warriors*,82,240.6,42.8,85.1,0.503,11.3,28.9,0.391,31.5,56.2,0.56,16.6,20.3,0.815,8.4,35.1,43.5,29.3,8.0,7.5,15.5,19.6,113.5,2018
Houston Rockets*,82,240.9,38.7,84.2,0.46,15.3,42.3,0.362,23.4,41.9,0.558,19.6,25.1,0.781,9.0,34.5,43.5,21.5,8.5,4.8,13.8,19.5,112.4,2018
New Orleans Pelicans*,82,243.4,42.7,88.3,0.483,10.2,28.2,0.362,32.5,60.1,0.54,16.1,20.9,0.772,8.7,35.7,44.3,26.8,8.0,5.9,14.9,19.1,111.7,2018
Toronto Raptors*,82,241.8,41.3,87.4,0.472,11.8,33.0,0.358,29.5,54.4,0.541,17.3,21.8,0.794,9.8,34.2,44.0,24.3,7.6,6.1,13.4,21.7,111.7,2018
Cleveland Cavaliers*,82,240.6,40.4,84.8,0.476,12.0,32.1,0.372,28.4,52.6,0.54,18.1,23.3,0.779,8.5,33.7,42.1,23.4,7.1,3.8,13.7,18.6,110.9,2018
Denver Nuggets,82,242.4,40.7,86.6,0.47,11.5,30.9,0.371,29.2,55.7,0.525,17.1,22.3,0.767,11.0,33.5,44.5,25.1,7.6,4.9,15.0,18.7,110.0,2018
Philadelphia 76ers*,82,241.2,40.8,86.6,0.472,11.0,29.8,0.369,29.9,56.7,0.526,17.1,22.8,0.752,10.9,36.5,47.4,27.1,8.3,5.1,16.5,22.1,109.8,2018
Minnesota Timberwolves*,82,241.5,41.0,86.1,0.476,8.0,22.5,0.357,33.0,63.6,0.519,19.4,24.1,0.804,10.3,31.6,42.0,22.7,8.4,4.2,12.5,18.2,109.5,2018
Los Angeles Clippers,82,240.3,40.3,85.4,0.471,9.5,26.8,0.354,30.8,58.6,0.525,19.0,25.5,0.743,10.1,33.7,43.9,22.3,7.7,4.5,14.7,20.0,109.0,2018
Charlotte Hornets,82,241.2,39.0,86.7,0.45,10.0,27.2,0.369,28.9,59.4,0.487,20.2,27.0,0.747,10.1,35.4,45.5,21.6,6.8,4.5,12.7,17.2,108.2,2018
Los Angeles Lakers,82,242.7,40.7,88.4,0.461,10.0,29.1,0.345,30.7,59.3,0.517,16.6,23.3,0.714,10.7,35.7,46.4,23.8,7.7,4.7,15.8,21.2,108.1,2018
Oklahoma City Thunder*,82,241.8,39.9,88.1,0.453,10.7,30.4,0.354,29.1,57.7,0.505,17.3,24.2,0.716,12.5,32.6,45.1,21.3,9.1,5.0,14.0,20.2,107.9,2018
Washington Wizards*,82,242.1,39.9,85.6,0.467,9.9,26.5,0.375,30.0,59.1,0.508,16.8,21.8,0.772,10.0,33.1,43.1,25.2,7.9,4.3,14.6,21.3,106.6,2018
Brooklyn Nets,82,242.1,38.2,86.8,0.441,12.7,35.7,0.356,25.5,51.1,0.5,17.4,22.6,0.772,9.7,34.8,44.4,23.7,6.2,4.8,15.2,20.6,106.6,2018
Milwaukee Bucks*,82,241.8,39.7,83.0,0.478,8.8,24.7,0.355,31.0,58.3,0.531,18.3,23.4,0.783,8.4,31.5,39.8,23.2,8.8,5.4,13.8,21.4,106.5,2018
Indiana Pacers*,82,240.9,40.8,86.4,0.472,9.0,24.5,0.369,31.8,61.9,0.513,14.9,19.2,0.779,9.6,32.7,42.3,22.2,8.8,4.1,13.3,18.8,105.6,2018
Portland Trail Blazers*,82,240.9,39.3,87.0,0.452,10.3,28.1,0.366,29.0,58.8,0.493,16.7,20.9,0.8,10.2,35.3,45.5,19.5,7.0,5.2,13.5,19.5,105.6,2018
New York Knicks,82,241.8,40.7,87.7,0.464,8.2,23.3,0.352,32.5,64.4,0.504,14.9,19.0,0.787,10.5,33.6,44.0,23.3,6.7,5.1,14.7,20.5,104.5,2018
Utah Jazz*,82,240.9,38.3,82.9,0.462,10.8,29.6,0.366,27.5,53.3,0.515,16.8,21.5,0.779,9.0,34.2,43.3,22.4,8.6,5.1,14.7,19.6,104.1,2018
Boston Celtics*,82,241.5,38.3,85.1,0.45,11.5,30.4,0.377,26.9,54.7,0.491,16.0,20.7,0.771,9.4,35.1,44.5,22.5,7.4,4.5,14.0,19.7,104.0,2018
Phoenix Suns,82,240.3,38.5,87.1,0.442,9.3,27.9,0.334,29.1,59.2,0.492,17.7,23.9,0.741,10.3,33.9,44.1,21.3,6.9,4.5,15.7,22.0,103.9,2018
Detroit Pistons,82,241.5,39.1,86.9,0.45,10.8,28.9,0.373,28.3,58.0,0.488,14.7,19.8,0.745,10.1,33.6,43.7,22.8,7.7,3.9,13.5,18.4,103.8,2018
Miami Heat*,82,243.0,38.8,85.3,0.455,11.0,30.6,0.36,27.8,54.8,0.508,14.7,19.5,0.755,9.3,34.2,43.5,22.7,7.6,5.3,14.4,20.1,103.4,2018
Orlando Magic,82,240.6,38.8,85.9,0.452,10.3,29.3,0.351,28.5,56.5,0.504,15.5,20.5,0.757,8.8,32.8,41.6,23.4,7.6,4.9,14.5,19.3,103.4,2018
Atlanta Hawks,82,240.3,38.2,85.5,0.446,11.2,31.0,0.36,27.0,54.5,0.495,15.8,20.2,0.785,9.1,32.8,41.9,23.7,7.8,4.2,15.6,19.6,103.4,2018
Chicago Bulls,82,242.1,38.7,88.8,0.435,11.0,31.1,0.355,27.6,57.8,0.478,14.6,19.2,0.759,9.6,35.0,44.7,23.5,7.6,3.5,14.0,19.2,102.9,2018
San Antonio Spurs*,82,240.6,39.0,85.4,0.457,8.5,24.1,0.352,30.6,61.2,0.499,16.1,20.9,0.772,10.4,33.9,44.2,22.8,7.7,5.6,13.1,17.2,102.7,2018
Dallas Mavericks,82,241.5,38.1,85.9,0.444,11.8,32.8,0.36,26.4,53.1,0.496,14.2,18.7,0.763,8.1,33.1,41.3,22.7,7.0,3.8,12.3,19.2,102.3,2018
Memphis Grizzlies,82,240.3,36.7,82.8,0.444,9.2,26.2,0.352,27.5,56.5,0.486,16.6,21.1,0.786,9.5,31.0,40.5,21.5,7.5,4.8,15.0,23.2,99.3,2018
Sacramento Kings,82,240.9,38.8,86.1,0.45,9.0,24.0,0.375,29.8,62.1,0.479,12.3,16.7,0.735,9.5,31.4,40.9,21.6,7.8,4.1,13.7,20.0,98.8,2018
Milwaukee Bucks*,82,241.2,43.4,91.1,0.476,13.5,38.2,0.353,29.9,52.9,0.565,17.9,23.2,0.773,9.3,40.4,49.7,26.0,7.5,5.9,13.9,19.6,118.1,2019
Golden State Warriors*,82,241.5,44.0,89.8,0.491,13.3,34.4,0.385,30.8,55.3,0.557,16.3,20.4,0.801,9.7,36.5,46.2,29.4,7.6,6.4,14.3,21.4,117.7,2019
New Orleans Pelicans,82,240.9,43.7,92.2,0.473,10.3,29.9,0.344,33.4,62.4,0.536,17.8,23.4,0.761,11.1,36.2,47.3,27.0,7.4,5.4,14.8,21.1,115.4,2019
Philadelphia 76ers*,82,241.5,41.5,88.2,0.471,10.8,30.2,0.359,30.7,58.0,0.529,21.2,27.5,0.771,10.9,36.9,47.8,26.9,7.4,5.3,14.9,21.3,115.2,2019
Los Angeles Clippers*,82,241.8,41.3,87.5,0.471,10.0,25.8,0.388,31.3,61.7,0.507,22.6,28.5,0.792,9.7,35.8,45.5,24.0,6.8,4.7,14.5,23.3,115.1,2019
Portland Trail Blazers*,82,242.1,42.3,90.6,0.467,11.0,30.7,0.359,31.3,59.8,0.523,19.0,23.3,0.814,11.8,36.2,48.0,23.0,6.7,5.0,13.8,20.4,114.7,2019
Oklahoma City Thunder*,82,242.1,42.6,94.0,0.454,11.4,32.6,0.348,31.3,61.3,0.51,17.8,25.0,0.713,12.6,35.5,48.1,23.4,9.3,5.2,14.0,22.4,114.5,2019
Toronto Raptors*,82,242.4,42.2,89.1,0.474,12.4,33.8,0.366,29.8,55.3,0.539,17.7,22.0,0.804,9.6,35.6,45.2,25.4,8.3,5.3,14.0,21.0,114.4,2019
Sacramento Kings,82,240.6,43.2,93.1,0.464,11.3,29.9,0.378,31.9,63.2,0.504,16.5,22.7,0.726,11.0,34.4,45.4,25.4,8.3,4.4,13.4,21.4,114.2,2019
Washington Wizards,82,243.0,42.1,90.1,0.468,11.3,33.3,0.341,30.8,56.8,0.543,18.4,23.9,0.768,9.7,32.7,42.4,26.3,8.3,4.6,14.1,20.7,114.0,2019
Houston Rockets*,82,241.8,39.2,87.4,0.449,16.1,45.4,0.356,23.1,42.0,0.551,19.3,24.4,0.791,10.2,31.9,42.1,21.2,8.5,4.9,13.3,22.0,113.9,2019
Atlanta Hawks,82,242.1,41.4,91.8,0.451,13.0,37.0,0.352,28.4,54.8,0.518,17.6,23.4,0.752,11.6,34.5,46.1,25.8,8.2,5.1,17.0,23.6,113.3,2019
Minnesota Timberwolves,82,241.8,41.6,91.3,0.456,10.1,28.7,0.351,31.5,62.5,0.504,19.1,24.3,0.787,11.3,33.5,44.8,24.6,8.3,5.0,13.1,20.3,112.5,2019
Boston Celtics*,82,241.2,42.1,90.5,0.465,12.6,34.5,0.365,29.5,56.0,0.527,15.6,19.5,0.802,9.8,34.7,44.5,26.3,8.6,5.3,12.8,20.4,112.4,2019
Brooklyn Nets*,82,243.7,40.3,89.7,0.449,12.8,36.2,0.353,27.5,53.6,0.513,19.0,25.5,0.745,11.0,35.6,46.6,23.8,6.6,4.1,15.1,21.5,112.2,2019
Los Angeles Lakers,82,241.2,42.6,90.5,0.47,10.3,31.0,0.333,32.2,59.6,0.541,16.3,23.3,0.699,10.2,36.4,46.6,25.6,7.5,5.4,15.7,20.7,111.8,2019
San Antonio Spurs*,82,241.5,42.3,88.4,0.478,9.9,25.3,0.392,32.4,63.1,0.513,17.2,21.0,0.819,9.2,35.5,44.7,24.5,6.1,4.7,12.1,18.1,111.7,2019
Utah Jazz*,82,240.9,40.4,86.4,0.468,12.1,34.0,0.356,28.3,52.4,0.541,18.8,25.5,0.736,10.0,36.4,46.4,26.0,8.1,5.9,15.1,21.1,111.7,2019
Denver Nuggets*,82,240.6,41.9,90.0,0.466,11.0,31.4,0.351,30.9,58.7,0.527,15.8,20.9,0.755,11.9,34.5,46.4,27.4,7.7,4.4,13.4,20.0,110.7,2019
Charlotte Hornets,82,241.8,40.2,89.8,0.448,11.9,33.9,0.351,28.3,55.8,0.507,18.4,23.1,0.797,9.9,33.9,43.8,23.2,7.2,4.9,12.2,18.9,110.7,2019
Dallas Mavericks,82,241.2,38.8,86.9,0.447,12.5,36.6,0.34,26.3,50.2,0.524,18.8,25.3,0.742,10.1,35.2,45.3,23.4,6.5,4.3,14.2,20.1,108.9,2019
Indiana Pacers*,82,240.3,41.3,87.0,0.475,9.5,25.4,0.374,31.8,61.6,0.517,15.8,21.1,0.752,9.3,33.7,43.0,26.0,8.7,4.9,13.7,19.4,108.0,2019
Phoenix Suns,82,242.4,40.1,87.4,0.459,9.6,29.3,0.329,30.5,58.1,0.525,17.6,22.7,0.779,9.1,31.3,40.4,23.9,9.0,5.1,15.6,23.6,107.5,2019
Orlando Magic*,82,241.2,40.4,89.1,0.454,11.4,32.1,0.356,29.0,57.0,0.509,15.0,19.2,0.782,10.0,35.4,45.4,25.5,6.6,5.4,13.2,18.6,107.3,2019
Detroit Pistons*,82,242.1,38.8,88.3,0.44,12.1,34.8,0.348,26.7,53.5,0.5,17.3,23.1,0.747,11.4,33.6,45.0,22.5,6.9,4.0,13.8,22.1,107.0,2019
Miami Heat,82,240.6,39.6,88.0,0.45,11.3,32.4,0.349,28.3,55.6,0.509,15.1,21.7,0.695,11.2,35.1,46.3,24.3,7.6,5.5,14.7,20.9,105.7,2019
Chicago Bulls,82,242.7,39.8,87.9,0.453,9.1,25.9,0.351,30.7,62.0,0.496,16.2,20.7,0.783,8.8,34.1,42.9,21.9,7.4,4.3,14.1,20.3,104.9,2019
New York Knicks,82,241.2,38.2,88.3,0.433,10.0,29.5,0.34,28.2,58.8,0.479,18.1,23.9,0.759,10.5,34.3,44.7,20.1,6.8,5.1,14.0,20.9,104.6,2019
Cleveland Cavaliers,82,240.9,38.9,87.6,0.444,10.3,29.1,0.355,28.6,58.5,0.488,16.4,20.7,0.792,10.7,31.9,42.7,20.7,6.5,2.4,13.5,20.0,104.5,2019
Memphis Grizzlies,82,242.4,38.0,84.4,0.45,9.9,28.9,0.342,28.1,55.6,0.505,17.7,23.0,0.772,8.8,33.0,41.8,23.9,8.3,5.5,14.0,22.0,103.5,2019
Milwaukee Bucks*,73,241.0,43.3,90.9,0.476,13.8,38.9,0.355,29.5,52.0,0.567,18.3,24.7,0.742,9.5,42.2,51.7,25.9,7.2,5.9,15.1,19.6,118.7,2020
Houston Rockets*,72,241.4,40.8,90.4,0.451,15.6,45.3,0.345,25.1,45.2,0.557,20.6,26.1,0.791,9.8,34.5,44.3,21.6,8.7,5.2,14.7,21.8,117.8,2020
Dallas Mavericks*,75,242.3,41.7,90.3,0.461,15.1,41.3,0.367,26.5,49.0,0.541,18.6,23.8,0.779,10.5,36.4,46.9,24.7,6.1,4.8,12.7,19.5,117.0,2020
Los Angeles Clippers*,72,241.4,41.6,89.2,0.466,12.4,33.5,0.371,29.1,55.8,0.522,20.8,26.3,0.791,10.7,37.0,47.7,23.7,7.1,4.7,14.6,22.1,116.3,2020
New Orleans Pelicans,72,242.1,42.6,91.6,0.465,13.6,36.9,0.37,28.9,54.8,0.528,17.1,23.4,0.729,11.1,35.4,46.5,26.8,7.5,5.0,16.4,21.2,115.8,2020
Portland Trail Blazers*,74,241.0,42.2,91.2,0.463,12.9,34.1,0.377,29.3,57.1,0.514,17.7,22.1,0.804,10.2,35.1,45.3,20.6,6.3,6.1,12.8,21.7,115.0,2020
Washington Wizards,72,241.0,41.5,90.9,0.457,12.0,32.6,0.368,29.5,58.3,0.506,19.4,24.6,0.788,10.2,31.9,42.0,25.0,8.0,4.3,14.2,22.7,114.4,2020
San Antonio Spurs,71,242.5,42.2,89.4,0.472,10.7,28.5,0.376,31.5,61.0,0.516,19.0,23.4,0.81,9.0,35.6,44.6,24.7,7.3,5.5,12.6,19.4,114.1,2020
Boston Celtics*,72,242.1,41.3,89.6,0.461,12.6,34.5,0.364,28.7,55.0,0.522,18.6,23.2,0.801,10.7,35.4,46.1,23.0,8.3,5.6,13.8,21.6,113.7,2020
Phoenix Suns,73,241.0,41.2,88.1,0.468,11.4,31.8,0.358,29.8,56.3,0.529,19.9,23.8,0.834,9.8,33.8,43.5,27.2,7.7,4.0,14.8,22.0,113.6,2020
Los Angeles Lakers*,71,240.7,42.3,88.3,0.48,11.0,31.6,0.349,31.3,56.7,0.552,17.7,24.3,0.729,10.7,35.1,45.7,25.4,8.6,6.6,15.2,20.7,113.4,2020
Minnesota Timberwolves,64,243.1,40.4,91.6,0.441,13.3,39.7,0.336,27.1,52.0,0.521,19.1,25.4,0.753,10.5,34.3,44.8,23.8,8.7,5.7,15.3,21.4,113.3,2020
Toronto Raptors*,72,241.4,40.2,87.9,0.458,13.8,37.0,0.374,26.4,50.9,0.519,18.5,23.2,0.796,9.5,35.9,45.4,25.2,8.8,5.0,14.8,21.7,112.8,2020
Memphis Grizzlies,73,240.7,42.5,90.9,0.468,10.9,31.5,0.347,31.6,59.4,0.532,16.6,21.8,0.763,10.3,36.2,46.5,26.9,7.9,5.5,15.2,21.2,112.6,2020
Miami Heat*,73,243.1,39.5,84.4,0.468,13.4,35.4,0.379,26.0,49.0,0.532,19.7,25.2,0.783,8.5,35.9,44.4,25.9,7.5,4.5,14.9,20.6,112.0,2020
Atlanta Hawks,67,243.0,40.6,90.6,0.449,12.0,36.1,0.333,28.6,54.5,0.525,18.5,23.4,0.79,9.9,33.4,43.3,24.0,7.8,5.1,16.2,23.1,111.8,2020
Brooklyn Nets*,72,242.8,40.4,90.3,0.448,13.1,38.1,0.343,27.3,52.1,0.524,17.9,24.1,0.745,10.6,37.3,47.9,24.5,6.4,4.5,15.3,21.0,111.8,2020
Denver Nuggets*,73,243.1,42.0,88.9,0.473,11.0,30.6,0.359,31.1,58.3,0.533,16.2,20.9,0.777,10.8,33.4,44.1,26.7,8.0,4.6,13.8,20.3,111.3,2020
Utah Jazz*,72,241.0,40.1,85.1,0.471,13.4,35.2,0.38,26.7,49.9,0.535,17.8,22.8,0.779,9.1,35.8,44.9,22.4,6.1,4.1,15.1,20.4,111.3,2020
Philadelphia 76ers*,73,241.0,41.1,87.9,0.468,11.6,31.6,0.368,29.5,56.3,0.524,16.9,22.4,0.755,10.5,35.0,45.4,25.8,8.0,5.3,14.2,20.9,110.7,2020
Oklahoma City Thunder*,72,242.1,40.0,85.5,0.468,10.7,30.2,0.355,29.3,55.3,0.529,19.8,24.8,0.796,8.2,34.7,42.9,21.7,7.6,4.9,13.7,19.3,110.4,2020
Sacramento Kings,72,242.4,40.9,88.4,0.462,12.7,34.9,0.364,28.2,53.5,0.527,15.7,20.3,0.77,9.7,32.9,42.6,23.8,7.7,4.1,14.5,22.2,110.1,2020
Indiana Pacers*,73,241.4,42.1,88.5,0.476,10.2,28.0,0.363,31.9,60.4,0.529,15.0,19.1,0.787,8.7,34.1,42.8,25.9,7.4,5.2,13.2,19.8,109.4,2020
Orlando Magic*,73,240.7,39.3,88.6,0.444,11.1,32.2,0.343,28.3,56.4,0.502,17.6,22.7,0.774,10.3,34.2,44.5,23.9,8.2,5.4,12.8,18.3,107.3,2020
Detroit Pistons,66,241.9,39.3,85.7,0.459,12.0,32.7,0.367,27.3,53.0,0.515,16.6,22.4,0.743,9.8,32.0,41.7,24.1,7.4,4.5,15.3,19.7,107.2,2020
Cleveland Cavaliers,65,241.9,40.3,87.9,0.458,11.2,31.8,0.351,29.1,56.1,0.519,15.1,19.9,0.758,10.8,33.4,44.2,23.1,6.9,3.2,16.5,18.3,106.9,2020
Chicago Bulls,65,241.2,39.6,88.6,0.447,12.2,35.1,0.348,27.4,53.5,0.511,15.5,20.5,0.755,10.5,31.4,41.9,23.2,10.0,4.1,15.5,21.8,106.8,2020
Golden State Warriors,65,241.9,38.6,88.2,0.438,10.4,31.3,0.334,28.2,56.9,0.495,18.7,23.2,0.803,10.0,32.9,42.8,25.6,8.2,4.6,14.9,20.1,106.3,2020
New York Knicks,66,241.9,40.0,89.3,0.447,9.6,28.4,0.337,30.4,61.0,0.499,16.3,23.5,0.694,12.0,34.5,46.5,22.1,7.6,4.7,14.3,22.2,105.8,2020
Charlotte Hornets,65,242.3,37.3,85.9,0.434,12.1,34.3,0.352,25.2,51.6,0.489,16.2,21.6,0.748,11.0,31.8,42.8,23.8,6.6,4.1,14.6,18.8,102.9,2020
Milwaukee Bucks*,72,240.7,44.7,91.8,0.487,14.4,37.1,0.389,30.3,54.7,0.554,16.2,21.4,0.76,10.3,37.8,48.1,25.5,8.1,4.6,13.8,17.3,120.1,2021
Brooklyn Nets*,72,241.7,43.1,87.3,0.494,14.2,36.1,0.392,29.0,51.2,0.565,18.1,22.5,0.804,8.9,35.5,44.4,26.8,6.7,5.3,13.5,19.0,118.6,2021
Washington Wizards*,72,241.7,43.2,90.9,0.475,10.2,29.0,0.351,33.0,61.9,0.533,20.1,26.2,0.769,9.7,35.5,45.2,25.5,7.3,4.1,14.4,21.6,116.6,2021
Utah Jazz*,72,241.0,41.3,88.1,0.468,16.7,43.0,0.389,24.5,45.1,0.544,17.2,21.5,0.799,10.6,37.6,48.3,23.7,6.6,5.2,14.2,18.5,116.4,2021
Portland Trail Blazers*,72,240.3,41.3,91.1,0.453,15.7,40.8,0.385,25.6,50.3,0.509,17.8,21.6,0.823,10.6,33.9,44.5,21.3,6.9,5.0,11.1,18.9,116.1,2021
Phoenix Suns*,72,242.8,43.3,88.3,0.49,13.1,34.6,0.378,30.3,53.7,0.563,15.6,18.7,0.834,8.8,34.2,42.9,26.9,7.2,4.3,12.5,19.1,115.3,2021
Indiana Pacers,72,242.4,43.3,91.2,0.474,12.3,34.0,0.364,30.9,57.3,0.54,16.4,20.7,0.792,9.0,33.7,42.7,27.4,8.5,6.4,13.5,20.2,115.3,2021
Denver Nuggets*,72,242.8,43.3,89.2,0.485,12.9,34.2,0.377,30.4,55.0,0.552,15.7,19.5,0.803,10.5,33.9,44.4,26.8,8.1,4.5,13.5,19.1,115.1,2021
New Orleans Pelicans,72,242.1,42.5,89.1,0.477,10.6,30.4,0.348,31.9,58.6,0.544,19.0,26.1,0.729,11.7,35.7,47.4,26.0,7.6,4.4,14.6,18.0,114.6,2021
Los Angeles Clippers*,72,240.0,41.8,86.7,0.482,14.3,34.7,0.411,27.5,52.0,0.529,16.2,19.3,0.839,9.4,34.7,44.2,24.4,7.1,4.1,13.2,19.2,114.0,2021
Atlanta Hawks*,72,241.7,40.8,87.2,0.468,12.4,33.4,0.373,28.4,53.9,0.526,19.7,24.2,0.812,10.6,35.1,45.6,24.1,7.0,4.8,13.2,19.3,113.7,2021
Sacramento Kings,72,240.3,42.6,88.6,0.481,12.1,33.3,0.364,30.5,55.3,0.551,16.4,22.0,0.745,9.4,32.0,41.4,25.5,7.5,5.0,13.4,19.4,113.7,2021
Golden State Warriors,72,240.3,41.3,88.2,0.468,14.6,38.7,0.376,26.7,49.4,0.541,16.6,21.1,0.785,8.0,35.1,43.0,27.7,8.2,4.8,15.0,21.2,113.7,2021
Philadelphia 76ers*,72,242.1,41.4,86.9,0.476,11.3,30.1,0.374,30.1,56.8,0.531,19.6,25.5,0.767,10.0,35.0,45.1,23.7,9.1,6.2,14.4,20.2,113.6,2021
Memphis Grizzlies*,72,241.7,42.8,91.8,0.467,11.2,31.4,0.356,31.7,60.4,0.525,16.4,21.3,0.771,11.2,35.3,46.5,26.9,9.1,5.1,13.3,18.7,113.3,2021
Boston Celtics*,72,241.4,41.5,88.9,0.466,13.6,36.4,0.374,27.9,52.5,0.53,16.1,20.8,0.775,10.6,33.6,44.3,23.5,7.7,5.3,14.1,20.4,112.6,2021
Dallas Mavericks*,72,240.3,41.1,87.3,0.47,13.8,38.1,0.362,27.3,49.2,0.554,16.5,21.2,0.778,9.1,34.2,43.3,22.9,6.3,4.3,12.1,19.4,112.4,2021
Minnesota Timberwolves,72,241.7,40.7,90.9,0.448,13.1,37.6,0.349,27.6,53.3,0.518,17.6,23.1,0.761,10.5,33.0,43.5,25.6,8.8,5.5,14.3,20.9,112.1,2021
Toronto Raptors,72,240.3,39.7,88.7,0.448,14.5,39.3,0.368,25.3,49.3,0.512,17.4,21.3,0.815,9.4,32.1,41.6,24.1,8.6,5.4,13.2,21.2,111.3,2021
San Antonio Spurs,72,242.8,41.9,90.5,0.462,9.9,28.4,0.35,31.9,62.1,0.514,17.4,22.0,0.792,9.3,34.6,43.9,24.4,7.0,5.1,11.4,18.0,111.1,2021
Chicago Bulls,72,241.4,42.2,88.6,0.476,12.6,34.0,0.37,29.6,54.6,0.542,13.8,17.5,0.791,9.6,35.3,45.0,26.8,6.7,4.2,15.1,18.9,110.7,2021
Los Angeles Lakers*,72,242.4,40.6,86.1,0.472,11.1,31.2,0.354,29.6,54.8,0.539,17.2,23.3,0.739,9.7,34.6,44.2,24.7,7.8,5.4,15.2,19.1,109.5,2021
Charlotte Hornets,72,241.0,39.9,87.8,0.455,13.7,37.0,0.369,26.3,50.8,0.517,15.9,20.9,0.761,10.6,33.2,43.8,26.8,7.8,4.8,14.8,18.0,109.5,2021
Houston Rockets,72,240.3,39.3,88.5,0.444,13.8,40.6,0.339,25.5,47.9,0.532,16.5,22.3,0.74,9.3,33.3,42.6,23.6,7.6,5.0,14.7,19.5,108.8,2021
Miami Heat*,72,241.4,39.2,83.7,0.468,12.9,36.2,0.358,26.3,47.5,0.553,16.7,21.1,0.79,8.0,33.5,41.5,26.3,7.9,4.0,14.1,18.9,108.1,2021
New York Knicks*,72,242.1,39.4,86.5,0.456,11.8,30.0,0.392,27.7,56.4,0.49,16.4,20.9,0.784,9.7,35.5,45.1,21.4,7.0,5.1,12.9,20.5,107.0,2021
Detroit Pistons,72,242.1,38.7,85.6,0.452,11.6,32.9,0.351,27.1,52.7,0.515,17.8,23.4,0.759,9.6,33.1,42.7,24.2,7.4,5.2,14.9,20.5,106.6,2021
Oklahoma City Thunder,72,241.0,38.8,88.0,0.441,11.9,35.1,0.339,26.9,52.9,0.509,15.5,21.3,0.725,9.9,35.7,45.6,22.1,7.0,4.4,16.1,18.1,105.0,2021
Orlando Magic,72,240.7,38.3,89.2,0.429,10.9,31.8,0.343,27.4,57.4,0.476,16.6,21.4,0.775,10.4,35.1,45.4,21.8,6.9,4.4,12.8,17.2,104.0,2021
Cleveland Cavaliers,72,242.1,38.6,85.8,0.45,10.0,29.7,0.336,28.6,56.0,0.51,16.7,22.4,0.743,10.4,32.3,42.8,23.8,7.8,4.5,15.5,18.2,103.8,2021
Minnesota Timberwolves*,82,241.2,41.6,91.0,0.457,14.8,41.3,0.358,26.8,49.7,0.54,18.0,23.1,0.778,11.2,32.9,44.2,25.7,8.8,5.6,14.3,21.8,115.9,2022
Memphis Grizzlies*,82,241.2,43.5,94.4,0.461,11.5,32.7,0.353,32.0,61.7,0.519,17.0,23.1,0.734,14.1,35.0,49.2,26.0,9.8,6.5,13.2,19.8,115.6,2022
Milwaukee Bucks*,82,240.9,41.8,89.4,0.468,14.1,38.4,0.366,27.8,51.0,0.544,17.8,22.9,0.776,10.2,36.5,46.7,23.9,7.6,4.0,13.4,18.2,115.5,2022
Charlotte Hornets,82,242.4,42.8,91.4,0.468,13.9,38.2,0.365,28.8,53.3,0.542,15.8,21.4,0.74,10.8,33.7,44.6,28.1,8.6,4.9,13.3,19.9,115.3,2022
Phoenix Suns*,82,240.6,43.7,90.1,0.485,11.6,31.9,0.364,32.1,58.2,0.551,15.9,19.9,0.797,9.8,35.5,45.3,27.4,8.6,4.4,12.9,19.9,114.8,2022
Atlanta Hawks*,82,240.3,41.5,88.3,0.47,12.9,34.4,0.374,28.6,53.9,0.531,18.1,22.3,0.812,10.0,33.9,44.0,24.6,7.2,4.2,11.9,18.7,113.9,2022
Utah Jazz*,82,240.6,40.6,86.2,0.471,14.5,40.3,0.36,26.0,45.8,0.568,17.9,23.4,0.767,10.8,35.6,46.3,22.4,7.2,4.9,14.0,18.9,113.6,2022
San Antonio Spurs,82,241.5,43.2,92.7,0.467,11.3,32.0,0.352,32.0,60.7,0.527,15.4,20.4,0.754,11.0,34.3,45.3,27.9,7.6,4.9,12.7,18.1,113.2,2022
Brooklyn Nets*,82,240.9,42.0,88.4,0.475,11.5,31.7,0.361,30.5,56.7,0.538,17.5,21.7,0.805,10.3,34.1,44.4,25.3,7.1,5.5,14.1,20.4,112.9,2022
Denver Nuggets*,82,241.5,41.7,86.3,0.483,12.7,35.9,0.353,29.0,50.4,0.575,16.7,21.0,0.795,9.2,34.9,44.1,27.8,7.2,3.7,14.5,20.0,112.7,2022
Los Angeles Lakers,82,243.7,41.6,88.8,0.469,12.0,34.5,0.347,29.7,54.3,0.546,16.8,23.0,0.732,9.5,34.5,44.0,24.0,7.6,5.2,14.5,20.2,112.1,2022
Boston Celtics*,82,242.7,40.7,87.4,0.466,13.2,37.1,0.356,27.5,50.3,0.547,17.0,20.9,0.816,10.5,35.5,46.1,24.8,7.2,5.8,13.6,18.5,111.8,2022
Chicago Bulls*,82,240.6,41.7,86.9,0.48,10.6,28.8,0.369,31.1,58.1,0.535,17.5,21.5,0.813,8.7,33.7,42.3,23.9,7.1,4.1,12.8,18.8,111.6,2022
Indiana Pacers,82,242.4,41.4,89.5,0.463,12.2,35.4,0.344,29.3,54.1,0.541,16.4,21.4,0.768,11.3,32.6,43.9,25.4,7.1,5.6,14.4,20.4,111.5,2022
Golden State Warriors*,82,240.6,40.5,86.4,0.469,14.3,39.4,0.364,26.2,47.0,0.557,15.6,20.3,0.769,9.8,35.7,45.5,27.1,8.8,4.5,14.9,21.0,111.0,2022
Sacramento Kings,82,241.5,40.5,88.1,0.46,11.4,33.2,0.344,29.1,54.9,0.53,17.9,23.3,0.768,9.6,33.4,42.9,23.7,7.2,4.5,14.1,18.9,110.3,2022
Miami Heat*,82,242.1,39.6,84.8,0.467,13.6,35.8,0.379,26.0,49.0,0.531,17.3,21.4,0.808,9.8,33.9,43.7,25.5,7.4,3.2,14.6,20.5,110.0,2022
Philadelphia 76ers*,82,241.5,39.4,84.5,0.466,11.6,31.8,0.364,27.8,52.7,0.527,19.6,23.8,0.821,8.5,33.8,42.3,23.7,7.7,5.3,12.5,19.4,109.9,2022
Houston Rockets,82,240.9,39.4,86.4,0.456,13.5,38.7,0.349,25.9,47.7,0.543,17.5,24.5,0.713,9.6,32.4,42.0,23.6,7.3,4.7,16.5,20.6,109.7,2022
Toronto Raptors*,82,242.1,40.6,91.3,0.445,11.9,34.2,0.349,28.7,57.1,0.503,16.2,21.3,0.759,13.4,32.0,45.3,22.1,9.0,4.6,12.5,19.6,109.4,2022
New Orleans Pelicans*,82,240.9,40.2,88.0,0.457,10.6,32.1,0.332,29.5,55.9,0.528,18.3,23.2,0.789,12.0,33.2,45.2,25.0,8.3,4.0,14.1,19.7,109.3,2022
Washington Wizards,82,241.8,40.6,86.0,0.472,10.5,30.6,0.342,30.1,55.4,0.543,17.0,21.7,0.783,9.0,34.1,43.1,25.0,6.4,5.0,13.1,18.8,108.6,2022
Los Angeles Clippers,82,241.2,40.1,87.4,0.458,12.8,34.2,0.374,27.3,53.3,0.512,15.5,19.6,0.793,9.1,34.9,44.0,24.0,7.4,5.0,13.7,18.6,108.4,2022
Dallas Mavericks*,82,240.9,39.3,85.1,0.461,13.1,37.4,0.35,26.2,47.8,0.548,16.4,21.2,0.771,9.3,33.8,43.0,23.4,6.7,4.0,12.5,19.7,108.0,2022
Cleveland Cavaliers,82,240.6,39.7,84.6,0.469,11.6,32.8,0.355,28.1,51.9,0.541,16.8,22.1,0.76,10.2,34.0,44.2,25.2,7.1,4.2,14.4,17.5,107.8,2022
New York Knicks,82,241.2,37.7,86.2,0.437,13.2,36.9,0.357,24.5,49.3,0.497,18.0,24.1,0.744,11.5,34.6,46.1,21.9,7.0,4.9,13.3,20.4,106.5,2022
Portland Trail Blazers,82,240.6,38.5,87.1,0.442,12.7,36.8,0.346,25.8,50.3,0.513,16.4,21.6,0.76,10.4,32.5,42.9,22.9,8.0,4.5,14.5,21.1,106.2,2022
Detroit Pistons,82,241.2,38.2,88.6,0.431,11.3,34.6,0.326,26.9,54.0,0.498,17.2,22.0,0.782,11.0,32.0,43.0,23.5,7.7,4.8,14.2,21.9,104.8,2022
Orlando Magic,82,241.2,38.3,88.3,0.434,12.2,36.9,0.331,26.1,51.4,0.507,15.5,19.7,0.787,9.1,35.2,44.3,23.7,6.8,4.5,14.5,19.7,104.2,2022
Oklahoma City Thunder,82,241.5,38.3,89.1,0.43,12.1,37.4,0.323,26.2,51.8,0.507,15.0,19.9,0.756,10.4,35.2,45.6,22.2,7.6,4.6,14.0,18.3,103.7,2022
Sacramento Kings*,82,241.8,43.6,88.2,0.494,13.8,37.3,0.369,29.8,50.9,0.586,19.8,25.1,0.79,9.5,32.9,42.5,27.3,7.0,3.4,13.5,19.7,120.7,2023
Golden State Warriors*,82,241.8,43.1,90.2,0.479,16.6,43.2,0.385,26.5,47.0,0.564,16.0,20.2,0.794,10.5,34.1,44.6,29.8,7.2,3.9,16.3,21.4,118.9,2023
Atlanta Hawks*,82,242.1,44.6,92.4,0.483,10.8,30.5,0.352,33.9,61.8,0.548,18.5,22.6,0.818,11.2,33.2,44.4,25.0,7.1,4.9,12.9,18.8,118.4,2023
Boston Celtics*,82,243.7,42.2,88.8,0.475,16.0,42.6,0.377,26.2,46.2,0.567,17.5,21.6,0.812,9.7,35.6,45.3,26.7,6.4,5.2,13.4,18.8,117.9,2023
Oklahoma City Thunder*,82,242.1,43.1,92.6,0.465,12.1,34.1,0.356,31.0,58.5,0.53,19.2,23.7,0.809,11.4,32.3,43.6,24.4,8.2,4.2,13.0,21.0,117.5,2023
Los Angeles Lakers*,82,242.4,42.9,89.0,0.482,10.8,31.2,0.346,32.1,57.8,0.555,20.6,26.6,0.775,10.0,35.7,45.7,25.3,6.4,4.6,14.1,17.9,117.2,2023
Utah Jazz,82,241.5,42.5,89.8,0.473,13.3,37.8,0.353,29.2,52.0,0.56,18.7,23.8,0.786,11.8,34.1,45.9,26.0,6.1,5.2,15.4,20.5,117.1,2023
Memphis Grizzlies*,82,241.2,43.7,92.1,0.475,12.0,34.2,0.351,31.7,57.9,0.548,17.5,23.8,0.733,12.0,34.6,46.6,26.0,8.3,5.8,13.6,20.0,116.9,2023
Milwaukee Bucks*,82,241.8,42.7,90.4,0.473,14.8,40.3,0.368,27.9,50.1,0.557,16.6,22.4,0.743,11.1,37.5,48.6,25.8,6.4,4.9,14.6,18.1,116.9,2023
Indiana Pacers,82,240.9,42.0,89.6,0.469,13.6,37.0,0.367,28.4,52.6,0.54,18.7,23.7,0.79,10.1,31.4,41.5,27.0,7.7,5.8,14.9,21.2,116.3,2023
New York Knicks*,82,243.4,42.0,89.4,0.47,12.6,35.7,0.354,29.4,53.6,0.547,19.4,25.5,0.761,12.6,34.0,46.6,22.9,6.4,4.1,13.0,20.3,116.0,2023
Denver Nuggets*,82,240.9,43.6,86.4,0.504,11.8,31.2,0.379,31.8,55.2,0.575,16.8,22.4,0.751,10.1,32.9,43.0,28.9,7.5,4.5,14.5,18.6,115.8,2023
Minnesota Timberwolves*,82,241.8,42.9,87.4,0.49,12.2,33.3,0.365,30.7,54.1,0.568,17.9,23.7,0.755,9.1,32.8,41.9,26.2,8.0,5.4,15.3,21.6,115.8,2023
Philadelphia 76ers*,82,242.4,40.8,83.8,0.487,12.6,32.6,0.387,28.2,51.2,0.551,21.0,25.1,0.835,8.7,32.2,40.9,25.2,7.7,4.7,13.7,20.4,115.2,2023
New Orleans Pelicans*,82,242.1,42.0,87.6,0.48,11.0,30.1,0.364,31.1,57.5,0.541,19.3,24.4,0.793,10.6,33.1,43.7,25.9,8.3,4.1,14.6,20.5,114.4,2023
Dallas Mavericks,82,243.0,40.0,84.3,0.475,15.2,41.0,0.371,24.8,43.3,0.574,19.0,25.1,0.755,7.6,31.2,38.8,22.9,6.3,3.7,12.2,20.7,114.2,2023
Phoenix Suns*,82,241.2,42.1,90.1,0.467,12.2,32.6,0.374,29.9,57.5,0.52,17.2,21.7,0.793,11.8,32.4,44.2,27.3,7.1,5.3,13.5,21.2,113.6,2023
Los Angeles Clippers*,82,241.8,41.1,86.1,0.477,12.7,33.4,0.381,28.4,52.7,0.539,18.7,23.9,0.781,9.8,33.4,43.2,23.9,7.1,4.4,14.2,19.5,113.6,2023
Portland Trail Blazers,82,240.6,40.5,85.4,0.474,12.9,35.3,0.365,27.6,50.1,0.55,19.6,24.6,0.796,9.4,31.1,40.5,24.2,6.7,4.6,14.5,20.0,113.4,2023
Brooklyn Nets*,82,240.6,41.5,85.1,0.487,12.8,33.8,0.378,28.7,51.3,0.559,17.7,22.1,0.8,8.2,32.3,40.5,25.5,7.1,6.2,13.7,21.1,113.4,2023
Washington Wizards,82,240.9,42.1,86.9,0.485,11.3,31.7,0.356,30.9,55.2,0.559,17.6,22.4,0.785,9.4,34.2,43.6,25.4,6.8,5.2,14.1,18.8,113.2,2023
Chicago Bulls*,82,242.7,42.5,86.8,0.49,10.4,28.9,0.361,32.1,57.9,0.555,17.6,21.8,0.809,8.5,33.9,42.4,24.5,7.9,4.5,13.4,18.9,113.1,2023
San Antonio Spurs,82,242.1,43.1,92.6,0.465,11.1,32.2,0.345,32.0,60.4,0.529,15.8,21.2,0.743,11.8,31.9,43.7,27.2,7.0,3.9,15.3,19.9,113.0,2023
Toronto Raptors*,82,241.5,41.9,91.3,0.459,10.7,32.0,0.335,31.1,59.3,0.525,18.4,23.4,0.784,12.7,30.3,43.0,23.9,9.4,5.2,11.7,20.0,112.9,2023
Cleveland Cavaliers*,82,242.4,41.6,85.2,0.488,11.6,31.6,0.367,30.0,53.6,0.559,17.5,22.5,0.78,9.7,31.4,41.1,24.9,7.1,4.7,13.3,19.0,112.3,2023
Orlando Magic,82,241.2,40.5,86.3,0.47,10.8,31.1,0.346,29.8,55.2,0.539,19.6,25.0,0.784,10.2,33.1,43.2,23.2,7.4,4.7,15.1,20.1,111.4,2023
Charlotte Hornets,82,241.8,41.3,90.4,0.457,10.7,32.5,0.33,30.5,57.9,0.528,17.6,23.6,0.749,11.0,33.5,44.5,25.1,7.7,5.2,14.2,20.3,111.0,2023
Houston Rockets,82,240.9,40.6,88.9,0.457,10.4,31.9,0.327,30.2,56.9,0.53,19.1,25.3,0.754,13.4,32.9,46.3,22.4,7.3,4.6,16.2,20.5,110.7,2023
Detroit Pistons,82,241.5,39.6,87.1,0.454,11.4,32.4,0.351,28.2,54.6,0.516,19.8,25.7,0.771,11.2,31.3,42.4,23.0,7.0,3.8,15.1,22.1,110.3,2023
Miami Heat*,82,241.5,39.2,85.3,0.46,12.0,34.8,0.344,27.3,50.5,0.54,19.1,23.0,0.831,9.7,30.9,40.6,23.8,8.0,3.0,13.5,18.5,109.5,2023
